0.0526635 0.052456 0
0.0512581 0.0512521 0
0.0472313 0.0477203 0
0.0447401 0.0454922 0
0.0436381 0.0444001 0
0.0427836 0.0434764 0
0.0420354 0.0426616 0
0.0413865 0.0419671 0
0.0408074 0.0413611 0
0.0402669 0.0408073 0
0.0397408 0.0402768 0
0.0392112 0.039749 0
0.0386661 0.0392102 0
0.0381003 0.0386543 0
0.0375183 0.0380839 0
0.0369325 0.0375099 0
0.0363595 0.0369476 0
0.0358151 0.036413 0
0.0353115 0.0359191 0
0.0348565 0.035475 0
0.0344537 0.0350846 0
0.0341026 0.0347476 0
0.0338 0.0344601 0
0.0335404 0.0342163 0
0.0333178 0.0340096 0
0.0331261 0.0338334 0
0.0329598 0.0336816 0
0.032814 0.0335494 0
0.0326847 0.0334323 0
0.0325685 0.0333271 0
0.0324628 0.0332309 0
0.0323657 0.0331417 0
0.0322755 0.033058 0
0.0321911 0.0329784 0
0.0321114 0.0329023 0
0.0320357 0.0328288 0
0.0319634 0.0327577 0
0.0318942 0.0326886 0
0.0318275 0.0326213 0
0.0317631 0.0325557 0
0.0317008 0.0324918 0
0.0316403 0.0324294 0
0.0315814 0.0323685 0
0.0315239 0.032309 0
0.0314677 0.0322508 0
0.0314126 0.0321937 0
0.0313584 0.0321376 0
0.0313048 0.0320822 0
0.0312517 0.0320274 0
0.0311989 0.0319728 0
0.0311462 0.0319184 0
0.0310936 0.0318639 0
0.0310409 0.0318092 0
0.0309881 0.0317542 0
0.0309352 0.0316988 0
0.0308822 0.0316432 0
0.0308294 0.0315875 0
0.0307768 0.0315319 0
0.0307247 0.0314766 0
0.0306733 0.0314219 0
0.0306228 0.0313683 0
0.0305736 0.031316 0
0.0305257 0.0312654 0
0.0304795 0.0312168 0
0.0304349 0.0311703 0
0.0303923 0.0311261 0
0.0303514 0.0310844 0
0.0303125 0.0310452 0
0.0302755 0.0310084 0
0.0302403 0.0309741 0
0.0302069 0.030942 0
0.0301751 0.0309122 0
0.0301449 0.0308846 0
0.0301162 0.0308588 0
0.0300889 0.0308349 0
0.0300628 0.0308126 0
0.030038 0.0307919 0
0.0300142 0.0307726 0
0.0299915 0.0307546 0
0.0299696 0.0307378 0
0.0299486 0.030722 0
0.0299284 0.0307072 0
0.0299088 0.0306933 0
0.02989 0.0306803 0
0.0298716 0.0306679 0
0.0298539 0.0306563 0
0.0298366 0.0306453 0
0.0298197 0.0306348 0
0.0298032 0.0306249 0
0.0297871 0.0306155 0
0.0297713 0.0306065 0
0.0297558 0.030598 0
0.0297406 0.0305899 0
0.0297255 0.0305821 0
0.0297107 0.0305747 0
0.029696 0.0305676 0
0.0296815 0.0305608 0
0.0296672 0.0305543 0
0.0296529 0.0305481 0
0.0296387 0.0305421 0
0.0296246 0.0305363 0
0.0296106 0.0305307 0
0.0295966 0.0305254 0
0.0295826 0.0305202 0
0.0295686 0.0305152 0
0.0295546 0.0305103 0
0.0295405 0.0305056 0
0.0295265 0.030501 0
0.0295124 0.0304964 0
0.0294982 0.030492 0
0.029484 0.0304875 0
0.0294697 0.0304832 0
0.0294553 0.0304788 0
0.0294409 0.0304745 0
0.0294263 0.0304701 0
0.0294116 0.0304657 0
0.0293969 0.0304612 0
0.029382 0.0304567 0
0.0293671 0.0304521 0
0.029352 0.0304474 0
0.0293369 0.0304426 0
0.0293216 0.0304376 0
0.0293062 0.0304325 0
0.0292908 0.0304273 0
0.0292753 0.0304218 0
0.0292596 0.0304162 0
0.029244 0.0304104 0
0.0292282 0.0304044 0
0.0292124 0.0303982 0
0.0291965 0.0303918 0
0.0291807 0.0303852 0
0.0291647 0.0303784 0
0.0291488 0.0303714 0
0.0291328 0.0303641 0
0.0291169 0.0303567 0
0.0291009 0.030349 0
0.029085 0.0303411 0
0.0290691 0.0303331 0
0.0290532 0.0303248 0
0.0290374 0.0303164 0
0.0290217 0.0303078 0
0.029006 0.0302991 0
0.0289904 0.0302902 0
0.0289749 0.0302812 0
0.0289595 0.030272 0
0.0289442 0.0302627 0
0.028929 0.0302534 0
0.0289139 0.0302439 0
0.0288989 0.0302344 0
0.0288841 0.0302248 0
0.0288694 0.0302151 0
0.0288549 0.0302054 0
0.0288404 0.0301957 0
0.0288262 0.0301859 0
0.0288121 0.0301762 0
0.0287981 0.0301664 0
0.0287843 0.0301567 0
0.0287707 0.030147 0
0.0287572 0.0301373 0
0.0287439 0.0301277 0
0.0287308 0.0301181 0
0.0287178 0.0301085 0
0.028705 0.030099 0
0.0286924 0.0300896 0
0.0286799 0.0300802 0
0.0286676 0.0300709 0
0.0286554 0.0300617 0
0.0286434 0.0300526 0
0.0286316 0.0300436 0
0.02862 0.0300346 0
0.0286085 0.0300258 0
0.0285971 0.030017 0
0.0285859 0.0300084 0
0.0285749 0.0299998 0
0.028564 0.0299913 0
0.0285533 0.0299829 0
0.0285427 0.0299747 0
0.0285323 0.0299665 0
0.028522 0.0299584 0
0.0285118 0.0299504 0
0.0285018 0.0299426 0
0.0284919 0.0299348 0
0.0284822 0.0299271 0
0.0284726 0.0299195 0
0.0284632 0.029912 0
0.0284538 0.0299047 0
0.0284446 0.0298974 0
0.0284355 0.0298902 0
0.0284266 0.0298831 0
0.0284178 0.0298761 0
0.028409 0.0298693 0
0.0284005 0.0298625 0
0.028392 0.0298558 0
0.0283836 0.0298492 0
0.0283754 0.0298427 0
0.0283673 0.0298363 0
0.0283593 0.0298299 0
0.0283514 0.0298237 0
0.0283436 0.0298176 0
0.0283359 0.0298116 0
0.0283283 0.0298056 0
0.0283208 0.0297997 0
0.0283135 0.029794 0
0.0283062 0.0297883 0
0.028299 0.0297827 0
0.028292 0.0297772 0
0.028285 0.0297718 0
0.0282781 0.0297665 0
0.0282713 0.0297612 0
0.0282646 0.029756 0
0.028258 0.029751 0
0.0282515 0.029746 0
0.0282451 0.029741 0
0.0282388 0.0297362 0
0.0282325 0.0297315 0
0.0282263 0.0297268 0
0.0282203 0.0297222 0
0.0282142 0.0297176 0
0.0282083 0.0297132 0
0.0282025 0.0297088 0
0.0281967 0.0297045 0
0.028191 0.0297002 0
0.0281854 0.0296961 0
0.0281798 0.029692 0
0.0281743 0.0296879 0
0.0281689 0.029684 0
0.0281636 0.02968 0
0.0281583 0.0296762 0
0.0281531 0.0296724 0
0.0281479 0.0296687 0
0.0281428 0.029665 0
0.0281378 0.0296614 0
0.0281328 0.0296578 0
0.0281279 0.0296543 0
0.0281231 0.0296508 0
0.0281183 0.0296474 0
0.0281135 0.0296441 0
0.0281088 0.0296407 0
0.0281042 0.0296375 0
0.0280996 0.0296342 0
0.0280951 0.029631 0
0.0280906 0.0296279 0
0.0280861 0.0296248 0
0.0280817 0.0296217 0
0.0280774 0.0296187 0
0.0280731 0.0296157 0
0.0280688 0.0296127 0
0.0280646 0.0296098 0
0.0280604 0.0296069 0
0.0280563 0.029604 0
0.0280522 0.0296012 0
0.0280481 0.0295984 0
0.0280441 0.0295956 0
0.0280401 0.0295928 0
0.0280361 0.0295901 0
0.0280322 0.0295874 0
0.0280283 0.0295847 0
0.0280245 0.029582 0
0.0280207 0.0295794 0
0.0280169 0.0295768 0
0.0280132 0.0295741 0
0.0280095 0.0295716 0
0.0280058 0.029569 0
0.0280021 0.0295664 0
0.0279985 0.0295639 0
0.0279949 0.0295613 0
0.0279914 0.0295588 0
0.0279878 0.0295563 0
0.0279843 0.0295538 0
0.0279809 0.0295514 0
0.0279774 0.0295489 0
0.027974 0.0295464 0
0.0279706 0.029544 0
0.0279672 0.0295416 0
0.0279639 0.0295391 0
0.0279606 0.0295367 0
0.0279573 0.0295343 0
0.027954 0.0295319 0
0.0279508 0.0295295 0
0.0279476 0.0295271 0
0.0279444 0.0295247 0
0.0279412 0.0295224 0
0.027938 0.02952 0
0.0279349 0.0295176 0
0.0279318 0.0295153 0
0.0279287 0.0295129 0
0.0279257 0.0295105 0
0.0279226 0.0295082 0
0.0279196 0.0295058 0
0.0279166 0.0295035 0
0.0279136 0.0295011 0
0.0279106 0.0294988 0
0.0279077 0.0294965 0
0.0279048 0.0294941 0
0.0279019 0.0294918 0
0.027899 0.0294894 0
0.0278961 0.0294871 0
0.0278933 0.0294848 0
0.0278904 0.0294824 0
0.0278876 0.0294801 0
0.0278848 0.0294778 0
0.0278821 0.0294754 0
0.0278793 0.0294731 0
0.0278766 0.0294708 0
0.0278738 0.0294684 0
0.0278711 0.0294661 0
0.0278684 0.0294637 0
0.0278657 0.0294614 0
0.0278631 0.0294591 0
0.0278604 0.0294567 0
0.0278578 0.0294544 0
0.0278552 0.029452 0
0.0278526 0.0294497 0
0.02785 0.0294473 0
0.0278474 0.029445 0
0.0278448 0.0294426 0
0.0278423 0.0294403 0
0.0278398 0.0294379 0
0.0278372 0.0294356 0
0.0278347 0.0294332 0
0.0278322 0.0294309 0
0.0278298 0.0294285 0
0.0278273 0.0294261 0
0.0278248 0.0294238 0
0.0278224 0.0294214 0
0.02782 0.029419 0
0.0278176 0.0294166 0
0.0278151 0.0294143 0
0.0278128 0.0294119 0
0.0278104 0.0294095 0
0.027808 0.0294071 0
0.0278057 0.0294047 0
0.0278033 0.0294023 0
0.027801 0.0293999 0
0.0277987 0.0293975 0
0.0277964 0.0293951 0
0.0277941 0.0293927 0
0.0277918 0.0293903 0
0.0277895 0.0293879 0
0.0277872 0.0293854 0
0.027785 0.029383 0
0.0277827 0.0293806 0
0.0277805 0.0293782 0
0.0277783 0.0293757 0
0.0277761 0.0293733 0
0.0277739 0.0293709 0
0.0277717 0.0293684 0
0.0277695 0.029366 0
0.0277673 0.0293635 0
0.0277652 0.0293611 0
0.027763 0.0293586 0
0.0277609 0.0293562 0
0.0277587 0.0293537 0
0.0277566 0.0293512 0
0.0277545 0.0293488 0
0.0277524 0.0293463 0
0.0277503 0.0293438 0
0.0277482 0.0293413 0
0.0277462 0.0293388 0
0.0277441 0.0293363 0
0.027742 0.0293339 0
0.02774 0.0293314 0
0.027738 0.0293289 0
0.0277359 0.0293264 0
0.0277339 0.0293238 0
0.0277319 0.0293213 0
0.0277299 0.0293188 0
0.0277279 0.0293163 0
0.0277259 0.0293138 0
0.027724 0.0293113 0
0.027722 0.0293087 0
0.02772 0.0293062 0
0.0277181 0.0293037 0
0.0277161 0.0293011 0
0.0277142 0.0292986 0
0.0277123 0.029296 0
0.0277104 0.0292935 0
0.0277085 0.0292909 0
0.0277066 0.0292883 0
0.0277047 0.0292858 0
0.0277028 0.0292832 0
0.0277009 0.0292806 0
0.0276991 0.0292781 0
0.0276972 0.0292755 0
0.0276954 0.0292729 0
0.0276935 0.0292703 0
0.0276917 0.0292677 0
0.0276899 0.0292651 0
0.027688 0.0292625 0
0.0276862 0.0292599 0
0.0276844 0.0292573 0
0.0276826 0.0292547 0
0.0276809 0.0292521 0
0.0276791 0.0292495 0
0.0276773 0.0292468 0
0.0276756 0.0292442 0
0.0276738 0.0292416 0
0.0276721 0.0292389 0
0.0276703 0.0292363 0
0.0276686 0.0292336 0
0.0276669 0.029231 0
0.0276652 0.0292283 0
0.0276635 0.0292257 0
0.0276618 0.029223 0
0.0276601 0.0292203 0
0.0276584 0.0292177 0
0.0276567 0.029215 0
0.027655 0.0292123 0
0.0276534 0.0292096 0
0.0276517 0.0292069 0
0.0276501 0.0292042 0
0.0276484 0.0292015 0
0.0276468 0.0291988 0
0.0276452 0.0291961 0
0.0276436 0.0291934 0
0.027642 0.0291906 0
0.0276404 0.0291879 0
0.0276388 0.0291852 0
0.0276372 0.0291824 0
0.0276356 0.0291797 0
0.027634 0.0291769 0
0.0276325 0.0291742 0
0.0276309 0.0291714 0
0.0276294 0.0291686 0
0.0276278 0.0291658 0
0.0276263 0.0291631 0
0.0276248 0.0291603 0
0.0276232 0.0291575 0
0.0276217 0.0291547 0
0.0276202 0.0291519 0
0.0276187 0.029149 0
0.0276172 0.0291462 0
0.0276157 0.0291434 0
0.0276143 0.0291405 0
0.0276128 0.0291377 0
0.0276113 0.0291348 0
0.0276099 0.029132 0
0.0276084 0.0291291 0
0.027607 0.0291262 0
0.0276055 0.0291233 0
0.0276041 0.0291204 0
0.0276027 0.0291175 0
0.0276013 0.0291146 0
0.0275999 0.0291117 0
0.0275985 0.0291087 0
0.0275971 0.0291058 0
0.0275957 0.0291028 0
0.0275943 0.0290999 0
0.0275929 0.0290969 0
0.0275916 0.0290939 0
0.0275902 0.0290909 0
0.0275888 0.0290879 0
0.0275875 0.0290849 0
0.0275862 0.0290818 0
0.0275848 0.0290788 0
0.0275835 0.0290757 0
0.0275822 0.0290727 0
0.0275809 0.0290696 0
0.0275796 0.0290665 0
0.0275783 0.0290634 0
0.027577 0.0290602 0
0.0275757 0.0290571 0
0.0275744 0.0290539 0
0.0275731 0.0290508 0
0.0275718 0.0290476 0
0.0275706 0.0290444 0
0.0275693 0.0290412 0
0.0275681 0.0290379 0
0.0275668 0.0290347 0
0.0275656 0.0290314 0
0.0275644 0.0290281 0
0.0275632 0.0290248 0
0.0275619 0.0290215 0
0.0275607 0.0290181 0
0.0275595 0.0290148 0
0.0275583 0.0290114 0
0.0275571 0.029008 0
0.0275559 0.0290045 0
0.0275548 0.0290011 0
0.0275536 0.0289976 0
0.0275524 0.0289941 0
0.0275512 0.0289906 0
0.0275501 0.028987 0
0.0275489 0.0289834 0
0.0275478 0.0289798 0
0.0275466 0.0289762 0
0.0275455 0.0289725 0
0.0275444 0.0289688 0
0.0275432 0.0289651 0
0.0275421 0.0289614 0
0.027541 0.0289576 0
0.0275399 0.0289538 0
0.0275388 0.0289499 0
0.0275377 0.028946 0
0.0275366 0.0289421 0
0.0275355 0.0289382 0
0.0275344 0.0289342 0
0.0275333 0.0289301 0
0.0275322 0.0289261 0
0.0275311 0.028922 0
0.02753 0.0289178 0
0.027529 0.0289136 0
0.0275279 0.0289094 0
0.0275268 0.0289051 0
0.0275257 0.0289007 0
0.0275247 0.0288964 0
0.0275236 0.0288919 0
0.0275225 0.0288874 0
0.0275215 0.0288829 0
0.0275204 0.0288783 0
0.0275193 0.0288736 0
0.0275183 0.0288689 0
0.0275172 0.0288642 0
0.0275161 0.0288593 0
0.027515 0.0288544 0
0.0275139 0.0288495 0
0.0275129 0.0288445 0
0.0275118 0.0288394 0
0.0275107 0.0288342 0
0.0275096 0.0288289 0
0.0275084 0.0288236 0
0.0275073 0.0288182 0
0.0275062 0.0288127 0
0.027505 0.0288072 0
0.0275039 0.0288015 0
0.0275027 0.0287958 0
0.0275015 0.02879 0
0.0275003 0.028784 0
0.0274991 0.028778 0
0.0274979 0.0287719 0
0.0274966 0.0287657 0
0.0274953 0.0287593 0
0.027494 0.0287529 0
0.0274927 0.0287463 0
0.0274913 0.0287396 0
0.0274899 0.0287329 0
0.0274885 0.0287259 0
0.0274871 0.0287189 0
0.0274856 0.0287117 0
0.027484 0.0287044 0
0.0274824 0.028697 0
0.0274808 0.0286894 0
0.0274791 0.0286816 0
0.0274774 0.0286737 0
0.0274756 0.0286657 0
0.0274737 0.0286575 0
0.0274718 0.0286491 0
0.0274698 0.0286406 0
0.0274677 0.0286319 0
0.0274656 0.028623 0
0.0274634 0.0286139 0
0.027461 0.0286047 0
0.0274586 0.0285952 0
0.0274561 0.0285856 0
0.0274535 0.0285758 0
0.0274508 0.0285657 0
0.027448 0.0285555 0
0.0274451 0.028545 0
0.027442 0.0285344 0
0.0274388 0.0285235 0
0.0274355 0.0285124 0
0.027432 0.028501 0
0.0274284 0.0284894 0
0.0274246 0.0284776 0
0.0274207 0.0284656 0
0.0274166 0.0284533 0
0.0274123 0.0284407 0
0.0274078 0.0284279 0
0.0274032 0.0284149 0
0.0273984 0.0284016 0
0.0273933 0.028388 0
0.0273881 0.0283742 0
0.0273827 0.0283601 0
0.027377 0.0283458 0
0.0273712 0.0283312 0
0.0273651 0.0283163 0
0.0273588 0.0283011 0
0.0273522 0.0282857 0
0.0273455 0.0282701 0
0.0273385 0.0282541 0
0.0273312 0.0282379 0
0.0273237 0.0282214 0
0.027316 0.0282047 0
0.0273081 0.0281877 0
0.0272998 0.0281704 0
0.0272914 0.0281529 0
0.0272827 0.0281352 0
0.0272738 0.0281172 0
0.0272646 0.0280989 0
0.0272552 0.0280804 0
0.0272456 0.0280617 0
0.0272358 0.0280428 0
0.0272257 0.0280236 0
0.0272154 0.0280042 0
0.0272049 0.0279846 0
0.0271942 0.0279648 0
0.0271833 0.0279448 0
0.0271722 0.0279247 0
0.0271609 0.0279043 0
0.0271495 0.0278838 0
0.0271378 0.0278631 0
0.027126 0.0278422 0
0.0271141 0.0278212 0
0.027102 0.0278 0
0.0270897 0.0277787 0
0.0270773 0.0277572 0
0.0270648 0.0277356 0
0.0270522 0.0277139 0
0.0270394 0.027692 0
0.0270265 0.0276701 0
0.0270135 0.027648 0
0.0270004 0.0276257 0
0.0269872 0.0276034 0
0.0269739 0.0275809 0
0.0269605 0.0275583 0
0.0269469 0.0275356 0
0.0269333 0.0275128 0
0.0269196 0.0274898 0
0.0269057 0.0274667 0
0.0268917 0.0274434 0
0.0268776 0.02742 0
0.0268634 0.0273964 0
0.0268491 0.0273726 0
0.0268346 0.0273486 0
0.0268199 0.0273244 0
0.0268051 0.0273001 0
0.02679 0.0272754 0
0.0267748 0.0272506 0
0.0267593 0.0272254 0
0.0267436 0.0272 0
0.0267276 0.0271742 0
0.0267113 0.0271481 0
0.0266947 0.0271216 0
0.0266777 0.0270948 0
0.0266603 0.0270675 0
0.0266425 0.0270399 0
0.0266242 0.0270117 0
0.0266055 0.0269831 0
0.0265862 0.026954 0
0.0265663 0.0269243 0
0.0265458 0.0268941 0
0.0265247 0.0268633 0
0.026503 0.026832 0
0.0264806 0.0268 0
0.0264575 0.0267675 0
0.0264337 0.0267343 0
0.0264092 0.0267005 0
0.026384 0.0266661 0
0.0263581 0.0266311 0
0.0263315 0.0265955 0
0.0263043 0.0265594 0
0.0262764 0.0265226 0
0.0262478 0.0264854 0
0.0262186 0.0264476 0
0.0261889 0.0264094 0
0.0261586 0.0263707 0
0.0261278 0.0263317 0
0.0260965 0.0262923 0
0.0260648 0.0262526 0
0.0260327 0.0262127 0
0.0260002 0.0261726 0
0.0259674 0.0261325 0
0.0259344 0.0260923 0
0.0259011 0.026052 0
0.0258677 0.0260119 0
0.0258341 0.0259719 0
0.0258005 0.0259322 0
0.0257668 0.0258927 0
0.0257331 0.0258535 0
0.0256995 0.0258147 0
0.025666 0.0257763 0
0.0256327 0.0257384 0
0.0255995 0.0257011 0
0.0255665 0.0256643 0
0.0255338 0.0256281 0
0.0255013 0.0255925 0
0.0254692 0.0255576 0
0.0254374 0.0255233 0
0.0254059 0.0254898 0
0.0253749 0.025457 0
0.0253442 0.0254249 0
0.025314 0.0253935 0
0.0252842 0.0253629 0
0.0252549 0.0253331 0
0.025226 0.025304 0
0.0251977 0.0252757 0
0.0251698 0.0252482 0
0.0251424 0.0252215 0
0.0251156 0.0251956 0
0.0250893 0.0251704 0
0.0250635 0.0251461 0
0.0250383 0.0251225 0
0.0250137 0.0250998 0
0.0249896 0.0250779 0
0.0249661 0.0250567 0
0.0249432 0.0250364 0
0.0249209 0.0250168 0
0.0248991 0.024998 0
0.0248779 0.02498 0
0.0248573 0.0249627 0
0.0248372 0.0249462 0
0.0248176 0.0249303 0
0.0247986 0.0249152 0
0.0247801 0.0249006 0
0.024762 0.0248867 0
0.0247445 0.0248734 0
0.0247274 0.0248607 0
0.0247107 0.0248485 0
0.0246944 0.0248368 0
0.0246786 0.0248256 0
0.0246632 0.0248148 0
0.0246481 0.0248045 0
0.0246334 0.0247946 0
0.024619 0.0247851 0
0.024605 0.024776 0
0.0245912 0.0247672 0
0.0245778 0.0247587 0
0.0245647 0.0247506 0
0.0245519 0.0247428 0
0.0245393 0.0247352 0
0.0245271 0.0247279 0
0.024515 0.0247209 0
0.0245033 0.0247141 0
0.0244917 0.0247076 0
0.0244804 0.0247013 0
0.0244693 0.0246952 0
0.0244585 0.0246893 0
0.0244478 0.0246836 0
0.0244374 0.0246781 0
0.0244272 0.0246728 0
0.0244171 0.0246676 0
0.0244073 0.0246626 0
0.0243976 0.0246578 0
0.0243881 0.0246531 0
0.0243788 0.0246486 0
0.0243696 0.0246442 0
0.0243606 0.0246399 0
0.0243518 0.0246358 0
0.0243432 0.0246317 0
0.0243346 0.0246278 0
0.0243263 0.0246241 0
0.024318 0.0246204 0
0.02431 0.0246168 0
0.024302 0.0246133 0
0.0242942 0.02461 0
0.0242865 0.0246067 0
0.024279 0.0246035 0
0.0242715 0.0246004 0
0.0242642 0.0245974 0
0.024257 0.0245944 0
0.0242499 0.0245916 0
0.024243 0.0245888 0
0.0242361 0.0245861 0
0.0242293 0.0245834 0
0.0242227 0.0245808 0
0.0242161 0.0245783 0
0.0242097 0.0245758 0
0.0242033 0.0245734 0
0.024197 0.0245711 0
0.0241908 0.0245688 0
0.0241847 0.0245665 0
0.0241787 0.0245643 0
0.0241727 0.0245622 0
0.0241669 0.0245601 0
0.0241611 0.024558 0
0.0241553 0.024556 0
0.0241497 0.024554 0
0.0241441 0.0245521 0
0.0241386 0.0245502 0
0.0241331 0.0245483 0
0.0241277 0.0245465 0
0.0241224 0.0245447 0
0.0241171 0.0245429 0
0.0241119 0.0245411 0
0.0241067 0.0245394 0
0.0241015 0.0245378 0
0.0240964 0.0245361 0
0.0240914 0.0245345 0
0.0240864 0.0245328 0
0.0240814 0.0245313 0
0.0240765 0.0245297 0
0.0240716 0.0245281 0
0.0240668 0.0245266 0
0.024062 0.0245251 0
0.0240572 0.0245236 0
0.0240524 0.0245221 0
0.0240477 0.0245206 0
0.024043 0.0245191 0
0.0240383 0.0245177 0
0.0240337 0.0245162 0
0.024029 0.0245148 0
0.0240244 0.0245133 0
0.0240198 0.0245119 0
0.0240153 0.0245104 0
0.0240107 0.024509 0
0.0240062 0.0245076 0
0.0240016 0.0245061 0
0.0239971 0.0245047 0
0.0239926 0.0245032 0
0.0239881 0.0245018 0
0.0239836 0.0245003 0
0.0239792 0.0244989 0
0.0239747 0.0244974 0
0.0239703 0.0244959 0
0.0239658 0.0244944 0
0.0239614 0.0244929 0
0.0239569 0.0244914 0
0.0239525 0.0244898 0
0.0239481 0.0244882 0
0.0239437 0.0244867 0
0.0239392 0.0244851 0
0.0239348 0.0244834 0
0.0239304 0.0244818 0
0.023926 0.0244801 0
0.0239216 0.0244784 0
0.0239172 0.0244767 0
0.0239128 0.024475 0
0.0239084 0.0244732 0
0.0239039 0.0244714 0
0.0238995 0.0244696 0
0.0238951 0.0244677 0
0.0238907 0.0244658 0
0.0238863 0.0244639 0
0.0238819 0.024462 0
0.0238774 0.02446 0
0.023873 0.0244579 0
0.0238686 0.0244559 0
0.0238642 0.0244538 0
0.0238597 0.0244516 0
0.0238553 0.0244495 0
0.0238509 0.0244473 0
0.0238464 0.024445 0
0.023842 0.0244427 0
0.0238375 0.0244404 0
0.0238331 0.024438 0
0.0238286 0.0244356 0
0.0238242 0.0244331 0
0.0238197 0.0244306 0
0.0238152 0.0244281 0
0.0238108 0.0244255 0
0.0238063 0.0244229 0
0.0238018 0.0244202 0
0.0237973 0.0244175 0
0.0237929 0.0244147 0
0.0237884 0.0244119 0
0.0237839 0.0244091 0
0.0237794 0.0244062 0
0.0237749 0.0244033 0
0.0237704 0.0244003 0
0.0237659 0.0243973 0
0.0237614 0.0243942 0
0.0237569 0.0243911 0
0.0237523 0.0243879 0
0.0237478 0.0243847 0
0.0237433 0.0243814 0
0.0237388 0.0243781 0
0.0237342 0.0243748 0
0.0237297 0.0243714 0
0.0237252 0.024368 0
0.0237206 0.0243645 0
0.0237161 0.024361 0
0.0237115 0.0243574 0
0.023707 0.0243538 0
0.0237024 0.0243501 0
0.0236979 0.0243464 0
0.0236933 0.0243426 0
0.0236887 0.0243388 0
0.0236842 0.024335 0
0.0236796 0.0243311 0
0.023675 0.0243272 0
0.0236705 0.0243232 0
0.0236659 0.0243191 0
0.0236613 0.0243151 0
0.0236567 0.0243109 0
0.0236522 0.0243068 0
0.0236476 0.0243026 0
0.023643 0.0242983 0
0.0236384 0.024294 0
0.0236338 0.0242896 0
0.0236292 0.0242852 0
0.0236247 0.0242808 0
0.0236201 0.0242763 0
0.0236155 0.0242717 0
0.0236109 0.0242672 0
0.0236063 0.0242625 0
0.0236017 0.0242578 0
0.0235971 0.0242531 0
0.0235926 0.0242483 0
0.023588 0.0242435 0
0.0235834 0.0242386 0
0.0235788 0.0242337 0
0.0235742 0.0242287 0
0.0235696 0.0242237 0
0.0235651 0.0242187 0
0.0235605 0.0242136 0
0.0235559 0.0242084 0
0.0235513 0.0242032 0
0.0235467 0.0241979 0
0.0235422 0.0241926 0
0.0235376 0.0241873 0
0.023533 0.0241819 0
0.0235285 0.0241765 0
0.0235239 0.024171 0
0.0235194 0.0241654 0
0.0235148 0.0241599 0
0.0235103 0.0241542 0
0.0235057 0.0241486 0
0.0235012 0.0241428 0
0.0234967 0.0241371 0
0.0234921 0.0241313 0
0.0234876 0.0241254 0
0.0234831 0.0241195 0
0.0234786 0.0241135 0
0.0234741 0.0241076 0
0.0234696 0.0241015 0
0.0234651 0.0240955 0
0.0234606 0.0240893 0
0.0234561 0.0240832 0
0.0234516 0.024077 0
0.0234471 0.0240708 0
0.0234427 0.0240645 0
0.0234382 0.0240582 0
0.0234338 0.0240518 0
0.0234293 0.0240455 0
0.0234249 0.024039 0
0.0234205 0.0240326 0
0.0234161 0.0240261 0
0.0234117 0.0240196 0
0.0234073 0.0240131 0
0.0234029 0.0240065 0
0.0233985 0.0239999 0
0.0233941 0.0239933 0
0.0233898 0.0239867 0
0.0233854 0.02398 0
0.0233811 0.0239733 0
0.0233768 0.0239666 0
0.0233725 0.0239599 0
0.0233681 0.0239532 0
0.0233638 0.0239465 0
0.0233596 0.0239397 0
0.0233553 0.0239329 0
0.023351 0.0239262 0
0.0233468 0.0239194 0
0.0233425 0.0239126 0
0.0233383 0.0239058 0
0.0233341 0.023899 0
0.0233299 0.0238922 0
0.0233257 0.0238854 0
0.0233215 0.0238786 0
0.0233173 0.0238718 0
0.0233131 0.023865 0
0.023309 0.0238582 0
0.0233048 0.0238514 0
0.0233007 0.0238446 0
0.0232966 0.0238378 0
0.0232925 0.0238311 0
0.0232884 0.0238243 0
0.0232843 0.0238176 0
0.0232802 0.0238109 0
0.0232762 0.0238042 0
0.0232721 0.0237975 0
0.0232681 0.0237908 0
0.0232641 0.0237842 0
0.0232601 0.0237776 0
0.0232561 0.023771 0
0.0232521 0.0237644 0
0.0232481 0.0237578 0
0.0232442 0.0237513 0
0.0232402 0.0237448 0
0.0232363 0.0237383 0
0.0232323 0.0237318 0
0.0232284 0.0237254 0
0.0232245 0.023719 0
0.0232206 0.0237126 0
0.0232168 0.0237062 0
0.0232129 0.0236999 0
0.023209 0.0236936 0
0.0232052 0.0236874 0
0.0232014 0.0236811 0
0.0231975 0.023675 0
0.0231937 0.0236688 0
0.0231899 0.0236627 0
0.0231862 0.0236566 0
0.0231824 0.0236505 0
0.0231786 0.0236445 0
0.0231749 0.0236385 0
0.0231711 0.0236325 0
0.0231674 0.0236266 0
0.0231637 0.0236207 0
0.02316 0.0236149 0
0.0231563 0.0236091 0
0.0231526 0.0236033 0
0.023149 0.0235975 0
0.0231453 0.0235918 0
0.0231417 0.0235862 0
0.0231381 0.0235805 0
0.0231344 0.0235749 0
0.0231308 0.0235694 0
0.0231272 0.0235638 0
0.0231237 0.0235584 0
