0.0304422 0.0274783 0
0.0303982 0.0274344 0
0.0303646 0.0274013 0
0.0303384 0.0273757 0
0.0303175 0.0273556 0
0.0303005 0.0273397 0
0.0302866 0.0273268 0
0.0302751 0.0273163 0
0.0302654 0.0273077 0
0.0302571 0.0273006 0
0.0302501 0.0272947 0
0.030244 0.0272897 0
0.0302387 0.0272855 0
0.0302341 0.027282 0
0.0302301 0.0272791 0
0.0302265 0.0272766 0
0.0302233 0.0272745 0
0.0302205 0.0272727 0
0.030218 0.0272712 0
0.0302157 0.02727 0
0.0302136 0.0272689 0
0.0302117 0.0272681 0
0.03021 0.0272673 0
0.0302084 0.0272667 0
0.030207 0.0272663 0
0.0302056 0.0272659 0
0.0302044 0.0272656 0
0.0302033 0.0272654 0
0.0302022 0.0272652 0
0.0302012 0.0272651 0
0.0302003 0.0272651 0
0.0301995 0.0272651 0
0.0301986 0.0272651 0
0.0301979 0.0272652 0
0.0301972 0.0272653 0
0.0301965 0.0272654 0
0.0301959 0.0272655 0
0.0301952 0.0272657 0
0.0301947 0.0272659 0
0.0301941 0.0272661 0
0.0301936 0.0272663 0
0.0301931 0.0272665 0
0.0301926 0.0272667 0
0.0301922 0.027267 0
0.0301917 0.0272672 0
0.0301913 0.0272674 0
0.0301909 0.0272677 0
0.0301906 0.0272679 0
0.0301902 0.0272682 0
0.0301898 0.0272685 0
0.0301895 0.0272687 0
0.0301892 0.027269 0
0.0301889 0.0272692 0
0.0301886 0.0272695 0
0.0301883 0.0272697 0
0.030188 0.02727 0
0.0301877 0.0272703 0
0.0301875 0.0272705 0
0.0301872 0.0272708 0
0.030187 0.027271 0
0.0301867 0.0272713 0
0.0301865 0.0272715 0
0.0301863 0.0272717 0
0.0301861 0.027272 0
0.0301858 0.0272722 0
0.0301856 0.0272725 0
0.0301854 0.0272727 0
0.0301853 0.0272729 0
0.0301851 0.0272731 0
0.0301849 0.0272734 0
0.0301847 0.0272736 0
0.0301845 0.0272738 0
0.0301844 0.027274 0
0.0301842 0.0272742 0
0.0301841 0.0272744 0
0.0301839 0.0272746 0
0.0301838 0.0272748 0
0.0301836 0.027275 0
0.0301835 0.0272752 0
0.0301833 0.0272754 0
0.0301832 0.0272756 0
0.0301831 0.0272758 0
0.0301829 0.0272759 0
0.0301828 0.0272761 0
0.0301827 0.0272763 0
0.0301826 0.0272764 0
0.0301825 0.0272766 0
0.0301824 0.0272768 0
0.0301822 0.0272769 0
0.0301821 0.0272771 0
0.030182 0.0272772 0
0.0301819 0.0272774 0
0.0301818 0.0272775 0
0.0301817 0.0272777 0
0.0301816 0.0272778 0
0.0301815 0.0272779 0
0.0301814 0.0272781 0
0.0301813 0.0272782 0
0.0301812 0.0272783 0
0.0301812 0.0272784 0
0.0301811 0.0272786 0
0.030181 0.0272787 0
0.0301809 0.0272788 0
0.0301808 0.0272789 0
0.0301807 0.027279 0
0.0301807 0.0272791 0
0.0301806 0.0272792 0
0.0301805 0.0272793 0
0.0301804 0.0272794 0
0.0301803 0.0272795 0
0.0301803 0.0272796 0
0.0301802 0.0272797 0
0.0301801 0.0272798 0
0.0301801 0.0272799 0
0.03018 0.0272799 0
0.0301799 0.02728 0
0.0301798 0.0272801 0
0.0301798 0.0272802 0
0.0301797 0.0272802 0
0.0301796 0.0272803 0
0.0301796 0.0272804 0
0.0301795 0.0272804 0
0.0301795 0.0272805 0
0.0301794 0.0272805 0
0.0301793 0.0272806 0
0.0301793 0.0272807 0
0.0301792 0.0272807 0
0.0301791 0.0272808 0
0.0301791 0.0272808 0
0.030179 0.0272808 0
0.030179 0.0272809 0
0.0301789 0.0272809 0
0.0301788 0.027281 0
0.0301788 0.027281 0
0.0301787 0.027281 0
0.0301787 0.0272811 0
0.0301786 0.0272811 0
0.0301786 0.0272811 0
0.0301785 0.0272812 0
0.0301785 0.0272812 0
0.0301784 0.0272812 0
0.0301783 0.0272812 0
0.0301783 0.0272812 0
0.0301782 0.0272813 0
0.0301782 0.0272813 0
0.0301781 0.0272813 0
0.0301781 0.0272813 0
0.030178 0.0272813 0
0.030178 0.0272813 0
0.0301779 0.0272813 0
0.0301779 0.0272813 0
0.0301778 0.0272813 0
0.0301778 0.0272813 0
0.0301777 0.0272813 0
0.0301777 0.0272813 0
0.0301776 0.0272813 0
0.0301776 0.0272813 0
0.0301775 0.0272813 0
0.0301775 0.0272813 0
0.0301774 0.0272813 0
0.0301774 0.0272813 0
0.0301773 0.0272813 0
0.0301773 0.0272813 0
0.0301772 0.0272812 0
0.0301772 0.0272812 0
0.0301771 0.0272812 0
0.0301771 0.0272812 0
0.030177 0.0272812 0
0.030177 0.0272811 0
0.0301769 0.0272811 0
0.0301769 0.0272811 0
0.0301768 0.0272811 0
0.0301768 0.027281 0
0.0301767 0.027281 0
0.0301767 0.027281 0
0.0301766 0.027281 0
0.0301766 0.0272809 0
0.0301765 0.0272809 0
0.0301765 0.0272809 0
0.0301764 0.0272808 0
0.0301764 0.0272808 0
0.0301763 0.0272807 0
0.0301763 0.0272807 0
0.0301762 0.0272807 0
0.0301762 0.0272806 0
0.0301761 0.0272806 0
0.0301761 0.0272805 0
0.030176 0.0272805 0
0.030176 0.0272804 0
0.0301759 0.0272804 0
0.0301759 0.0272803 0
0.0301758 0.0272803 0
0.0301758 0.0272803 0
0.0301758 0.0272802 0
0.0301757 0.0272801 0
0.0301757 0.0272801 0
0.0301756 0.02728 0
0.0301756 0.02728 0
0.0301755 0.0272799 0
0.0301755 0.0272799 0
0.0301754 0.0272798 0
0.0301754 0.0272798 0
0.0301753 0.0272797 0
0.0301753 0.0272796 0
0.0301752 0.0272796 0
0.0301752 0.0272795 0
0.0301751 0.0272795 0
0.0301751 0.0272794 0
0.030175 0.0272793 0
0.030175 0.0272793 0
0.0301749 0.0272792 0
0.0301749 0.0272791 0
0.0301748 0.0272791 0
0.0301748 0.027279 0
0.0301747 0.0272789 0
0.0301747 0.0272789 0
0.0301746 0.0272788 0
0.0301746 0.0272787 0
0.0301745 0.0272787 0
0.0301745 0.0272786 0
0.0301744 0.0272785 0
0.0301744 0.0272784 0
0.0301743 0.0272784 0
0.0301743 0.0272783 0
0.0301742 0.0272782 0
0.0301742 0.0272781 0
0.0301741 0.0272781 0
0.0301741 0.027278 0
0.030174 0.0272779 0
0.030174 0.0272778 0
0.0301739 0.0272777 0
0.0301739 0.0272777 0
0.0301738 0.0272776 0
0.0301738 0.0272775 0
0.0301737 0.0272774 0
0.0301737 0.0272773 0
0.0301736 0.0272773 0
0.0301736 0.0272772 0
0.0301735 0.0272771 0
0.0301735 0.027277 0
0.0301734 0.0272769 0
0.0301734 0.0272768 0
0.0301733 0.0272768 0
0.0301733 0.0272767 0
0.0301732 0.0272766 0
0.0301732 0.0272765 0
0.0301731 0.0272764 0
0.0301731 0.0272763 0
0.030173 0.0272762 0
0.030173 0.0272761 0
0.0301729 0.0272761 0
0.0301729 0.027276 0
0.0301728 0.0272759 0
0.0301728 0.0272758 0
0.0301727 0.0272757 0
0.0301727 0.0272756 0
0.0301726 0.0272755 0
0.0301726 0.0272754 0
0.0301725 0.0272753 0
0.0301725 0.0272752 0
0.0301724 0.0272751 0
0.0301724 0.027275 0
0.0301723 0.0272749 0
0.0301723 0.0272748 0
0.0301722 0.0272748 0
0.0301722 0.0272747 0
0.0301721 0.0272746 0
0.0301721 0.0272745 0
0.030172 0.0272744 0
0.030172 0.0272743 0
0.0301719 0.0272742 0
0.0301719 0.0272741 0
0.0301718 0.027274 0
0.0301718 0.0272739 0
0.0301717 0.0272738 0
0.0301717 0.0272737 0
0.0301716 0.0272736 0
0.0301715 0.0272735 0
0.0301715 0.0272734 0
0.0301714 0.0272733 0
0.0301714 0.0272732 0
0.0301713 0.0272731 0
0.0301713 0.027273 0
0.0301712 0.0272729 0
0.0301712 0.0272728 0
0.0301711 0.0272727 0
0.0301711 0.0272725 0
0.030171 0.0272724 0
0.030171 0.0272723 0
0.0301709 0.0272722 0
0.0301709 0.0272721 0
0.0301708 0.027272 0
0.0301707 0.0272719 0
0.0301707 0.0272718 0
0.0301706 0.0272717 0
0.0301706 0.0272716 0
0.0301705 0.0272715 0
0.0301705 0.0272714 0
0.0301704 0.0272713 0
0.0301704 0.0272712 0
0.0301703 0.0272711 0
0.0301703 0.027271 0
0.0301702 0.0272709 0
0.0301701 0.0272707 0
0.0301701 0.0272706 0
0.03017 0.0272705 0
0.03017 0.0272704 0
0.0301699 0.0272703 0
0.0301699 0.0272702 0
0.0301698 0.0272701 0
0.0301698 0.02727 0
0.0301697 0.0272699 0
0.0301696 0.0272698 0
0.0301696 0.0272696 0
0.0301695 0.0272695 0
0.0301695 0.0272694 0
0.0301694 0.0272693 0
0.0301694 0.0272692 0
0.0301693 0.0272691 0
0.0301693 0.027269 0
0.0301692 0.0272689 0
0.0301691 0.0272687 0
0.0301691 0.0272686 0
0.030169 0.0272685 0
0.030169 0.0272684 0
0.0301689 0.0272683 0
0.0301689 0.0272682 0
0.0301688 0.0272681 0
0.0301687 0.0272679 0
0.0301687 0.0272678 0
0.0301686 0.0272677 0
0.0301686 0.0272676 0
0.0301685 0.0272675 0
0.0301685 0.0272674 0
0.0301684 0.0272673 0
0.0301683 0.0272671 0
0.0301683 0.027267 0
0.0301682 0.0272669 0
0.0301682 0.0272668 0
0.0301681 0.0272667 0
0.030168 0.0272666 0
0.030168 0.0272664 0
0.0301679 0.0272663 0
0.0301679 0.0272662 0
0.0301678 0.0272661 0
0.0301678 0.027266 0
0.0301677 0.0272658 0
0.0301676 0.0272657 0
0.0301676 0.0272656 0
0.0301675 0.0272655 0
0.0301675 0.0272654 0
0.0301674 0.0272653 0
0.0301673 0.0272651 0
0.0301673 0.027265 0
0.0301672 0.0272649 0
0.0301672 0.0272648 0
0.0301671 0.0272647 0
0.030167 0.0272645 0
0.030167 0.0272644 0
0.0301669 0.0272643 0
0.0301669 0.0272642 0
0.0301668 0.027264 0
0.0301667 0.0272639 0
0.0301667 0.0272638 0
0.0301666 0.0272637 0
0.0301666 0.0272636 0
0.0301665 0.0272634 0
0.0301664 0.0272633 0
0.0301664 0.0272632 0
0.0301663 0.0272631 0
0.0301663 0.0272629 0
0.0301662 0.0272628 0
0.0301661 0.0272627 0
0.0301661 0.0272626 0
0.030166 0.0272625 0
0.0301659 0.0272623 0
0.0301659 0.0272622 0
0.0301658 0.0272621 0
0.0301658 0.027262 0
0.0301657 0.0272618 0
0.0301656 0.0272617 0
0.0301656 0.0272616 0
0.0301655 0.0272615 0
0.0301654 0.0272613 0
0.0301654 0.0272612 0
0.0301653 0.0272611 0
0.0301653 0.027261 0
0.0301652 0.0272608 0
0.0301651 0.0272607 0
0.0301651 0.0272606 0
0.030165 0.0272605 0
0.0301649 0.0272603 0
0.0301649 0.0272602 0
0.0301648 0.0272601 0
0.0301648 0.02726 0
0.0301647 0.0272598 0
0.0301646 0.0272597 0
0.0301646 0.0272596 0
0.0301645 0.0272594 0
0.0301644 0.0272593 0
0.0301644 0.0272592 0
0.0301643 0.0272591 0
0.0301642 0.0272589 0
0.0301642 0.0272588 0
0.0301641 0.0272587 0
0.030164 0.0272585 0
0.030164 0.0272584 0
0.0301639 0.0272583 0
0.0301638 0.0272582 0
0.0301638 0.027258 0
0.0301637 0.0272579 0
0.0301637 0.0272578 0
0.0301636 0.0272576 0
0.0301635 0.0272575 0
0.0301635 0.0272574 0
0.0301634 0.0272573 0
0.0301633 0.0272571 0
0.0301633 0.027257 0
0.0301632 0.0272569 0
0.0301631 0.0272567 0
0.0301631 0.0272566 0
0.030163 0.0272565 0
0.0301629 0.0272563 0
0.0301629 0.0272562 0
0.0301628 0.0272561 0
0.0301627 0.0272559 0
0.0301627 0.0272558 0
0.0301626 0.0272557 0
0.0301625 0.0272555 0
0.0301624 0.0272554 0
0.0301624 0.0272553 0
0.0301623 0.0272552 0
0.0301622 0.027255 0
0.0301622 0.0272549 0
0.0301621 0.0272548 0
0.030162 0.0272546 0
0.030162 0.0272545 0
0.0301619 0.0272544 0
0.0301618 0.0272542 0
0.0301618 0.0272541 0
0.0301617 0.027254 0
0.0301616 0.0272538 0
0.0301616 0.0272537 0
0.0301615 0.0272535 0
0.0301614 0.0272534 0
0.0301613 0.0272533 0
0.0301613 0.0272531 0
0.0301612 0.027253 0
0.0301611 0.0272529 0
0.0301611 0.0272527 0
0.030161 0.0272526 0
0.0301609 0.0272525 0
0.0301609 0.0272523 0
0.0301608 0.0272522 0
0.0301607 0.0272521 0
0.0301606 0.0272519 0
0.0301606 0.0272518 0
0.0301605 0.0272516 0
0.0301604 0.0272515 0
0.0301604 0.0272514 0
0.0301603 0.0272512 0
0.0301602 0.0272511 0
0.0301601 0.027251 0
0.0301601 0.0272508 0
0.03016 0.0272507 0
0.0301599 0.0272506 0
0.0301598 0.0272504 0
0.0301598 0.0272503 0
0.0301597 0.0272501 0
0.0301596 0.02725 0
0.0301596 0.0272499 0
0.0301595 0.0272497 0
0.0301594 0.0272496 0
0.0301593 0.0272494 0
0.0301593 0.0272493 0
0.0301592 0.0272492 0
0.0301591 0.027249 0
0.030159 0.0272489 0
0.030159 0.0272487 0
0.0301589 0.0272486 0
0.0301588 0.0272485 0
0.0301587 0.0272483 0
0.0301587 0.0272482 0
0.0301586 0.027248 0
0.0301585 0.0272479 0
0.0301584 0.0272478 0
0.0301584 0.0272476 0
0.0301583 0.0272475 0
0.0301582 0.0272473 0
0.0301581 0.0272472 0
0.0301581 0.0272471 0
0.030158 0.0272469 0
0.0301579 0.0272468 0
0.0301578 0.0272466 0
0.0301577 0.0272465 0
0.0301577 0.0272463 0
0.0301576 0.0272462 0
0.0301575 0.0272461 0
0.0301574 0.0272459 0
0.0301574 0.0272458 0
0.0301573 0.0272456 0
0.0301572 0.0272455 0
0.0301571 0.0272453 0
0.030157 0.0272452 0
0.030157 0.0272451 0
0.0301569 0.0272449 0
0.0301568 0.0272448 0
0.0301567 0.0272446 0
0.0301567 0.0272445 0
0.0301566 0.0272443 0
0.0301565 0.0272442 0
0.0301564 0.027244 0
0.0301563 0.0272439 0
0.0301563 0.0272438 0
0.0301562 0.0272436 0
0.0301561 0.0272435 0
0.030156 0.0272433 0
0.0301559 0.0272432 0
0.0301559 0.027243 0
0.0301558 0.0272429 0
0.0301557 0.0272427 0
0.0301556 0.0272426 0
0.0301555 0.0272424 0
0.0301555 0.0272423 0
0.0301554 0.0272422 0
0.0301553 0.027242 0
0.0301552 0.0272419 0
0.0301551 0.0272417 0
0.030155 0.0272416 0
0.030155 0.0272414 0
0.0301549 0.0272413 0
0.0301548 0.0272411 0
0.0301547 0.027241 0
0.0301546 0.0272408 0
0.0301545 0.0272407 0
0.0301545 0.0272405 0
0.0301544 0.0272404 0
0.0301543 0.0272402 0
0.0301542 0.0272401 0
0.0301541 0.0272399 0
0.030154 0.0272398 0
0.030154 0.0272396 0
0.0301539 0.0272395 0
0.0301538 0.0272393 0
0.0301537 0.0272392 0
0.0301536 0.027239 0
0.0301535 0.0272389 0
0.0301534 0.0272387 0
0.0301534 0.0272386 0
0.0301533 0.0272384 0
0.0301532 0.0272383 0
0.0301531 0.0272381 0
0.030153 0.027238 0
0.0301529 0.0272378 0
0.0301528 0.0272377 0
0.0301528 0.0272375 0
0.0301527 0.0272374 0
0.0301526 0.0272372 0
0.0301525 0.0272371 0
0.0301524 0.0272369 0
0.0301523 0.0272368 0
0.0301522 0.0272366 0
0.0301521 0.0272365 0
0.030152 0.0272363 0
0.030152 0.0272362 0
0.0301519 0.027236 0
0.0301518 0.0272359 0
0.0301517 0.0272357 0
0.0301516 0.0272356 0
0.0301515 0.0272354 0
0.0301514 0.0272353 0
0.0301513 0.0272351 0
0.0301512 0.027235 0
0.0301511 0.0272348 0
0.0301511 0.0272347 0
0.030151 0.0272345 0
0.0301509 0.0272343 0
0.0301508 0.0272342 0
0.0301507 0.027234 0
0.0301506 0.0272339 0
0.0301505 0.0272337 0
0.0301504 0.0272336 0
0.0301503 0.0272334 0
0.0301502 0.0272333 0
0.0301501 0.0272331 0
0.03015 0.027233 0
0.03015 0.0272328 0
0.0301499 0.0272326 0
0.0301498 0.0272325 0
0.0301497 0.0272323 0
0.0301496 0.0272322 0
0.0301495 0.027232 0
0.0301494 0.0272319 0
0.0301493 0.0272317 0
0.0301492 0.0272316 0
0.0301491 0.0272314 0
0.030149 0.0272312 0
0.0301489 0.0272311 0
0.0301488 0.0272309 0
0.0301487 0.0272308 0
0.0301486 0.0272306 0
0.0301485 0.0272305 0
0.0301484 0.0272303 0
0.0301483 0.0272302 0
0.0301482 0.02723 0
0.0301481 0.0272298 0
0.030148 0.0272297 0
0.0301479 0.0272295 0
0.0301479 0.0272294 0
0.0301478 0.0272292 0
0.0301477 0.0272291 0
0.0301476 0.0272289 0
0.0301475 0.0272287 0
0.0301474 0.0272286 0
0.0301473 0.0272284 0
0.0301472 0.0272283 0
0.0301471 0.0272281 0
0.030147 0.027228 0
0.0301469 0.0272278 0
0.0301468 0.0272276 0
0.0301467 0.0272275 0
0.0301466 0.0272273 0
0.0301465 0.0272272 0
0.0301464 0.027227 0
0.0301463 0.0272268 0
0.0301462 0.0272267 0
0.030146 0.0272265 0
0.0301459 0.0272264 0
0.0301458 0.0272262 0
0.0301457 0.0272261 0
0.0301456 0.0272259 0
0.0301455 0.0272257 0
0.0301454 0.0272256 0
0.0301453 0.0272254 0
0.0301452 0.0272253 0
0.0301451 0.0272251 0
0.030145 0.0272249 0
0.0301449 0.0272248 0
0.0301448 0.0272246 0
0.0301447 0.0272245 0
0.0301446 0.0272243 0
0.0301445 0.0272241 0
0.0301444 0.027224 0
0.0301443 0.0272238 0
0.0301442 0.0272237 0
0.0301441 0.0272235 0
0.030144 0.0272233 0
0.0301438 0.0272232 0
0.0301437 0.027223 0
0.0301436 0.0272229 0
0.0301435 0.0272227 0
0.0301434 0.0272225 0
0.0301433 0.0272224 0
0.0301432 0.0272222 0
0.0301431 0.0272221 0
0.030143 0.0272219 0
0.0301429 0.0272217 0
0.0301428 0.0272216 0
0.0301426 0.0272214 0
0.0301425 0.0272212 0
0.0301424 0.0272211 0
0.0301423 0.0272209 0
0.0301422 0.0272208 0
0.0301421 0.0272206 0
0.030142 0.0272204 0
0.0301419 0.0272203 0
0.0301418 0.0272201 0
0.0301416 0.02722 0
0.0301415 0.0272198 0
0.0301414 0.0272196 0
0.0301413 0.0272195 0
0.0301412 0.0272193 0
0.0301411 0.0272192 0
0.030141 0.027219 0
0.0301408 0.0272188 0
0.0301407 0.0272187 0
0.0301406 0.0272185 0
0.0301405 0.0272183 0
0.0301404 0.0272182 0
0.0301403 0.027218 0
0.0301401 0.0272179 0
0.03014 0.0272177 0
0.0301399 0.0272175 0
0.0301398 0.0272174 0
0.0301397 0.0272172 0
0.0301396 0.027217 0
0.0301394 0.0272169 0
0.0301393 0.0272167 0
0.0301392 0.0272166 0
0.0301391 0.0272164 0
0.030139 0.0272162 0
0.0301388 0.0272161 0
0.0301387 0.0272159 0
0.0301386 0.0272158 0
0.0301385 0.0272156 0
0.0301384 0.0272154 0
0.0301382 0.0272153 0
0.0301381 0.0272151 0
0.030138 0.0272149 0
0.0301379 0.0272148 0
0.0301377 0.0272146 0
0.0301376 0.0272145 0
0.0301375 0.0272143 0
0.0301374 0.0272141 0
0.0301372 0.027214 0
0.0301371 0.0272138 0
0.030137 0.0272136 0
0.0301369 0.0272135 0
0.0301367 0.0272133 0
0.0301366 0.0272132 0
0.0301365 0.027213 0
0.0301364 0.0272128 0
0.0301362 0.0272127 0
0.0301361 0.0272125 0
0.030136 0.0272123 0
0.0301359 0.0272122 0
0.0301357 0.027212 0
0.0301356 0.0272119 0
0.0301355 0.0272117 0
0.0301353 0.0272115 0
0.0301352 0.0272114 0
0.0301351 0.0272112 0
0.0301349 0.027211 0
0.0301348 0.0272109 0
0.0301347 0.0272107 0
0.0301345 0.0272106 0
0.0301344 0.0272104 0
0.0301343 0.0272102 0
0.0301341 0.0272101 0
0.030134 0.0272099 0
0.0301339 0.0272098 0
0.0301337 0.0272096 0
0.0301336 0.0272094 0
0.0301335 0.0272093 0
0.0301333 0.0272091 0
0.0301332 0.0272089 0
0.0301331 0.0272088 0
0.0301329 0.0272086 0
0.0301328 0.0272085 0
0.0301327 0.0272083 0
0.0301325 0.0272081 0
0.0301324 0.027208 0
0.0301322 0.0272078 0
0.0301321 0.0272077 0
0.030132 0.0272075 0
0.0301318 0.0272073 0
0.0301317 0.0272072 0
0.0301315 0.027207 0
0.0301314 0.0272068 0
0.0301312 0.0272067 0
0.0301311 0.0272065 0
0.030131 0.0272064 0
0.0301308 0.0272062 0
0.0301307 0.027206 0
0.0301305 0.0272059 0
0.0301304 0.0272057 0
0.0301302 0.0272056 0
0.0301301 0.0272054 0
0.0301299 0.0272052 0
0.0301298 0.0272051 0
0.0301296 0.0272049 0
0.0301295 0.0272048 0
0.0301293 0.0272046 0
0.0301292 0.0272044 0
0.030129 0.0272043 0
0.0301289 0.0272041 0
0.0301287 0.0272039 0
0.0301286 0.0272038 0
0.0301284 0.0272036 0
0.0301283 0.0272035 0
0.0301281 0.0272033 0
0.030128 0.0272031 0
0.0301278 0.027203 0
0.0301277 0.0272028 0
0.0301275 0.0272027 0
0.0301274 0.0272025 0
0.0301272 0.0272023 0
0.0301271 0.0272022 0
0.0301269 0.027202 0
0.0301267 0.0272019 0
0.0301266 0.0272017 0
0.0301264 0.0272015 0
0.0301263 0.0272014 0
0.0301261 0.0272012 0
0.0301259 0.0272011 0
0.0301258 0.0272009 0
0.0301256 0.0272007 0
0.0301255 0.0272006 0
0.0301253 0.0272004 0
0.0301251 0.0272003 0
0.030125 0.0272001 0
0.0301248 0.0272 0
0.0301246 0.0271998 0
0.0301245 0.0271996 0
0.0301243 0.0271995 0
0.0301241 0.0271993 0
0.030124 0.0271992 0
0.0301238 0.027199 0
0.0301236 0.0271988 0
0.0301235 0.0271987 0
0.0301233 0.0271985 0
0.0301231 0.0271984 0
0.0301229 0.0271982 0
0.0301228 0.027198 0
0.0301226 0.0271979 0
0.0301224 0.0271977 0
0.0301223 0.0271976 0
0.0301221 0.0271974 0
0.0301219 0.0271973 0
0.0301217 0.0271971 0
0.0301216 0.0271969 0
0.0301214 0.0271968 0
0.0301212 0.0271966 0
0.030121 0.0271965 0
0.0301208 0.0271963 0
0.0301207 0.0271961 0
0.0301205 0.027196 0
0.0301203 0.0271958 0
0.0301201 0.0271957 0
0.0301199 0.0271955 0
0.0301197 0.0271954 0
0.0301196 0.0271952 0
0.0301194 0.027195 0
0.0301192 0.0271949 0
0.030119 0.0271947 0
0.0301188 0.0271946 0
0.0301186 0.0271944 0
0.0301184 0.0271943 0
0.0301183 0.0271941 0
0.0301181 0.0271939 0
0.0301179 0.0271938 0
0.0301177 0.0271936 0
0.0301175 0.0271935 0
0.0301173 0.0271933 0
0.0301171 0.0271932 0
0.0301169 0.027193 0
0.0301167 0.0271928 0
0.0301165 0.0271927 0
0.0301163 0.0271925 0
0.0301161 0.0271924 0
0.0301159 0.0271922 0
0.0301157 0.0271921 0
0.0301155 0.0271919 0
0.0301153 0.0271917 0
0.0301151 0.0271916 0
0.0301149 0.0271914 0
0.0301147 0.0271913 0
0.0301145 0.0271911 0
0.0301143 0.027191 0
0.0301141 0.0271908 0
0.0301139 0.0271906 0
0.0301137 0.0271905 0
0.0301135 0.0271903 0
0.0301133 0.0271902 0
0.030113 0.02719 0
0.0301128 0.0271899 0
0.0301126 0.0271897 0
0.0301124 0.0271895 0
0.0301122 0.0271894 0
0.030112 0.0271892 0
0.0301118 0.0271891 0
0.0301115 0.0271889 0
0.0301113 0.0271888 0
0.0301111 0.0271886 0
0.0301109 0.0271884 0
0.0301107 0.0271883 0
0.0301104 0.0271881 0
0.0301102 0.027188 0
0.03011 0.0271878 0
0.0301098 0.0271876 0
0.0301095 0.0271875 0
0.0301093 0.0271873 0
0.0301091 0.0271872 0
0.0301089 0.027187 0
0.0301086 0.0271869 0
0.0301084 0.0271867 0
0.0301082 0.0271865 0
0.0301079 0.0271864 0
0.0301077 0.0271862 0
0.0301075 0.0271861 0
0.0301072 0.0271859 0
0.030107 0.0271857 0
0.0301067 0.0271856 0
0.0301065 0.0271854 0
0.0301063 0.0271853 0
0.030106 0.0271851 0
0.0301058 0.0271849 0
0.0301055 0.0271848 0
0.0301053 0.0271846 0
0.030105 0.0271845 0
0.0301048 0.0271843 0
0.0301046 0.0271841 0
0.0301043 0.027184 0
0.0301041 0.0271838 0
0.0301038 0.0271837 0
0.0301035 0.0271835 0
0.0301033 0.0271833 0
0.030103 0.0271832 0
0.0301028 0.027183 0
0.0301025 0.0271829 0
0.0301023 0.0271827 0
0.030102 0.0271825 0
0.0301017 0.0271824 0
0.0301015 0.0271822 0
0.0301012 0.027182 0
0.030101 0.0271819 0
0.0301007 0.0271817 0
0.0301004 0.0271816 0
0.0301002 0.0271814 0
0.0300999 0.0271812 0
0.0300996 0.0271811 0
0.0300993 0.0271809 0
0.0300991 0.0271807 0
0.0300988 0.0271806 0
0.0300985 0.0271804 0
0.0300982 0.0271802 0
0.030098 0.0271801 0
0.0300977 0.0271799 0
0.0300974 0.0271797 0
0.0300971 0.0271796 0
0.0300968 0.0271794 0
0.0300966 0.0271792 0
0.0300963 0.0271791 0
0.030096 0.0271789 0
0.0300957 0.0271787 0
0.0300954 0.0271786 0
0.0300951 0.0271784 0
0.0300948 0.0271782 0
0.0300945 0.0271781 0
0.0300942 0.0271779 0
0.0300939 0.0271777 0
0.0300936 0.0271775 0
0.0300933 0.0271774 0
0.030093 0.0271772 0
0.0300927 0.027177 0
0.0300924 0.0271769 0
0.0300921 0.0271767 0
0.0300918 0.0271765 0
0.0300915 0.0271763 0
0.0300912 0.0271762 0
0.0300909 0.027176 0
0.0300906 0.0271758 0
0.0300903 0.0271756 0
0.03009 0.0271755 0
0.0300896 0.0271753 0
0.0300893 0.0271751 0
0.030089 0.0271749 0
0.0300887 0.0271747 0
0.0300884 0.0271746 0
0.030088 0.0271744 0
0.0300877 0.0271742 0
0.0300874 0.027174 0
0.0300871 0.0271738 0
0.0300867 0.0271737 0
0.0300864 0.0271735 0
0.0300861 0.0271733 0
0.0300857 0.0271731 0
0.0300854 0.0271729 0
0.0300851 0.0271727 0
0.0300847 0.0271726 0
0.0300844 0.0271724 0
0.030084 0.0271722 0
0.0300837 0.027172 0
0.0300834 0.0271718 0
0.030083 0.0271716 0
0.0300827 0.0271714 0
0.0300823 0.0271712 0
0.030082 0.027171 0
0.0300816 0.0271709 0
0.0300813 0.0271707 0
0.0300809 0.0271705 0
0.0300806 0.0271703 0
0.0300802 0.0271701 0
0.0300798 0.0271699 0
0.0300795 0.0271697 0
0.0300791 0.0271695 0
0.0300787 0.0271693 0
0.0300784 0.0271691 0
0.030078 0.0271689 0
0.0300776 0.0271687 0
0.0300773 0.0271685 0
0.0300769 0.0271683 0
0.0300765 0.0271681 0
0.0300761 0.0271679 0
0.0300758 0.0271677 0
0.0300754 0.0271675 0
0.030075 0.0271673 0
0.0300746 0.0271671 0
0.0300742 0.0271669 0
0.0300738 0.0271666 0
0.0300735 0.0271664 0
0.0300731 0.0271662 0
0.0300727 0.027166 0
0.0300723 0.0271658 0
0.0300719 0.0271656 0
0.0300715 0.0271654 0
0.0300711 0.0271652 0
0.0300707 0.0271649 0
0.0300703 0.0271647 0
0.0300699 0.0271645 0
