0.268862 0.268862 0
0.266875 0.266875 0
0.265066 0.265066 0
0.263425 0.263425 0
0.26194 0.26194 0
0.260598 0.260598 0
0.259388 0.259388 0
0.258298 0.258298 0
0.257317 0.257317 0
0.256435 0.256435 0
0.255643 0.255643 0
0.254931 0.254931 0
0.25429 0.25429 0
0.253714 0.253714 0
0.253195 0.253195 0
0.252728 0.252728 0
0.252305 0.252305 0
0.251923 0.251923 0
0.251576 0.251576 0
0.251261 0.251261 0
0.250974 0.250974 0
0.250711 0.250711 0
0.25047 0.25047 0
0.250248 0.250248 0
0.250043 0.250043 0
0.249853 0.249853 0
0.249676 0.249676 0
0.24951 0.24951 0
0.249354 0.249354 0
0.249208 0.249208 0
0.249069 0.249069 0
0.248937 0.248937 0
0.248811 0.248811 0
0.24869 0.24869 0
0.248574 0.248574 0
0.248463 0.248463 0
0.248354 0.248354 0
0.248249 0.248249 0
0.248147 0.248147 0
0.248047 0.248047 0
0.24795 0.24795 0
0.247854 0.247854 0
0.24776 0.24776 0
0.247668 0.247668 0
0.247577 0.247577 0
0.247487 0.247487 0
0.247398 0.247398 0
0.24731 0.24731 0
0.247223 0.247223 0
0.247137 0.247137 0
0.247051 0.247051 0
0.246966 0.246966 0
0.246881 0.246881 0
0.246797 0.246797 0
0.246714 0.246714 0
0.246631 0.246631 0
0.246548 0.246548 0
0.246466 0.246466 0
0.246384 0.246384 0
0.246302 0.246302 0
0.24622 0.24622 0
0.246139 0.246139 0
0.246058 0.246058 0
0.245977 0.245977 0
0.245897 0.245897 0
0.245817 0.245817 0
0.245736 0.245736 0
0.245656 0.245656 0
0.245577 0.245577 0
0.245497 0.245497 0
0.245418 0.245418 0
0.245338 0.245338 0
0.245259 0.245259 0
0.24518 0.24518 0
0.245101 0.245101 0
0.245023 0.245023 0
0.244944 0.244944 0
0.244866 0.244866 0
0.244787 0.244787 0
0.244709 0.244709 0
0.244631 0.244631 0
0.244553 0.244553 0
0.244475 0.244475 0
0.244397 0.244397 0
0.24432 0.24432 0
0.244242 0.244242 0
0.244165 0.244165 0
0.244087 0.244087 0
0.24401 0.24401 0
0.243933 0.243933 0
0.243856 0.243856 0
0.243778 0.243778 0
0.243702 0.243702 0
0.243625 0.243625 0
0.243548 0.243548 0
0.243471 0.243471 0
0.243394 0.243394 0
0.243318 0.243318 0
0.243241 0.243241 0
0.243165 0.243165 0
0.243088 0.243088 0
0.243012 0.243012 0
0.242935 0.242935 0
0.242859 0.242859 0
0.242783 0.242783 0
0.242706 0.242706 0
0.24263 0.24263 0
0.242554 0.242554 0
0.242478 0.242478 0
0.242401 0.242401 0
0.242325 0.242325 0
0.242249 0.242249 0
0.242173 0.242173 0
0.242097 0.242097 0
0.242021 0.242021 0
0.241945 0.241945 0
0.241869 0.241869 0
0.241792 0.241792 0
0.241716 0.241716 0
0.24164 0.24164 0
0.241564 0.241564 0
0.241488 0.241488 0
0.241412 0.241412 0
0.241336 0.241336 0
0.241259 0.241259 0
0.241183 0.241183 0
0.241107 0.241107 0
0.24103 0.24103 0
0.240954 0.240954 0
0.240878 0.240878 0
0.240801 0.240801 0
0.240725 0.240725 0
0.240648 0.240648 0
0.240572 0.240572 0
0.240495 0.240495 0
0.240419 0.240419 0
0.240342 0.240342 0
0.240265 0.240265 0
0.240188 0.240188 0
0.240111 0.240111 0
0.240034 0.240034 0
0.239957 0.239957 0
0.23988 0.23988 0
0.239803 0.239803 0
0.239726 0.239726 0
0.239648 0.239648 0
0.239571 0.239571 0
0.239493 0.239493 0
0.239416 0.239416 0
0.239338 0.239338 0
0.23926 0.23926 0
0.239182 0.239182 0
0.239104 0.239104 0
0.239026 0.239026 0
0.238948 0.238948 0
0.23887 0.23887 0
0.238791 0.238791 0
0.238713 0.238713 0
0.238634 0.238634 0
0.238555 0.238555 0
0.238476 0.238476 0
0.238397 0.238397 0
0.238318 0.238318 0
0.238239 0.238239 0
0.23816 0.23816 0
0.23808 0.23808 0
0.238 0.238 0
0.237921 0.237921 0
0.237841 0.237841 0
0.237761 0.237761 0
0.23768 0.23768 0
0.2376 0.2376 0
0.23752 0.23752 0
0.237439 0.237439 0
0.237358 0.237358 0
0.237277 0.237277 0
0.237196 0.237196 0
0.237115 0.237115 0
0.237033 0.237033 0
0.236952 0.236952 0
0.23687 0.23687 0
0.236788 0.236788 0
0.236706 0.236706 0
0.236624 0.236624 0
0.236542 0.236542 0
0.236459 0.236459 0
0.236376 0.236376 0
0.236293 0.236293 0
0.23621 0.23621 0
0.236127 0.236127 0
0.236043 0.236043 0
0.23596 0.23596 0
0.235876 0.235876 0
0.235792 0.235792 0
0.235708 0.235708 0
0.235623 0.235623 0
0.235539 0.235539 0
0.235454 0.235454 0
0.235369 0.235369 0
0.235284 0.235284 0
0.235198 0.235198 0
0.235113 0.235113 0
0.235027 0.235027 0
0.234941 0.234941 0
0.234855 0.234855 0
0.234769 0.234769 0
0.234682 0.234682 0
0.234595 0.234595 0
0.234508 0.234508 0
0.234421 0.234421 0
0.234333 0.234333 0
0.234246 0.234246 0
0.234158 0.234158 0
0.23407 0.23407 0
0.233982 0.233982 0
0.233893 0.233893 0
0.233804 0.233804 0
0.233715 0.233715 0
0.233626 0.233626 0
0.233537 0.233537 0
0.233447 0.233447 0
0.233357 0.233357 0
0.233267 0.233267 0
0.233177 0.233177 0
0.233086 0.233086 0
0.232995 0.232995 0
0.232904 0.232904 0
0.232813 0.232813 0
0.232721 0.232721 0
0.23263 0.23263 0
0.232538 0.232538 0
0.232445 0.232445 0
0.232353 0.232353 0
0.23226 0.23226 0
0.232167 0.232167 0
0.232074 0.232074 0
0.23198 0.23198 0
0.231887 0.231887 0
0.231793 0.231793 0
0.231699 0.231699 0
0.231604 0.231604 0
0.231509 0.231509 0
0.231414 0.231414 0
0.231319 0.231319 0
0.231224 0.231224 0
0.231128 0.231128 0
0.231032 0.231032 0
0.230936 0.230936 0
0.230839 0.230839 0
0.230743 0.230743 0
0.230646 0.230646 0
0.230548 0.230548 0
0.230451 0.230451 0
0.230353 0.230353 0
0.230255 0.230255 0
0.230157 0.230157 0
0.230058 0.230058 0
0.229959 0.229959 0
0.22986 0.22986 0
0.229761 0.229761 0
0.229661 0.229661 0
0.229561 0.229561 0
0.229461 0.229461 0
0.229361 0.229361 0
0.22926 0.22926 0
0.229159 0.229159 0
0.229058 0.229058 0
0.228956 0.228956 0
0.228854 0.228854 0
0.228752 0.228752 0
0.22865 0.22865 0
0.228547 0.228547 0
0.228444 0.228444 0
0.228341 0.228341 0
0.228238 0.228238 0
0.228134 0.228134 0
0.22803 0.22803 0
0.227926 0.227926 0
0.227821 0.227821 0
0.227716 0.227716 0
0.227611 0.227611 0
0.227506 0.227506 0
0.2274 0.2274 0
0.227294 0.227294 0
0.227188 0.227188 0
0.227082 0.227082 0
0.226975 0.226975 0
0.226868 0.226868 0
0.226761 0.226761 0
0.226653 0.226653 0
0.226545 0.226545 0
0.226437 0.226437 0
0.226329 0.226329 0
0.22622 0.22622 0
0.226111 0.226111 0
0.226002 0.226002 0
0.225892 0.225892 0
0.225782 0.225782 0
0.225672 0.225672 0
0.225562 0.225562 0
0.225451 0.225451 0
0.22534 0.22534 0
0.225229 0.225229 0
0.225117 0.225117 0
0.225006 0.225006 0
0.224893 0.224893 0
0.224781 0.224781 0
0.224668 0.224668 0
0.224555 0.224555 0
0.224442 0.224442 0
0.224329 0.224329 0
0.224215 0.224215 0
0.224101 0.224101 0
0.223987 0.223987 0
0.223872 0.223872 0
0.223757 0.223757 0
0.223642 0.223642 0
0.223526 0.223526 0
0.223411 0.223411 0
0.223294 0.223294 0
0.223178 0.223178 0
0.223062 0.223062 0
0.222945 0.222945 0
0.222827 0.222827 0
0.22271 0.22271 0
0.222592 0.222592 0
0.222474 0.222474 0
0.222356 0.222356 0
0.222237 0.222237 0
0.222119 0.222119 0
0.221999 0.221999 0
0.22188 0.22188 0
0.22176 0.22176 0
0.22164 0.22164 0
0.22152 0.22152 0
0.2214 0.2214 0
0.221279 0.221279 0
0.221158 0.221158 0
0.221036 0.221036 0
0.220915 0.220915 0
0.220793 0.220793 0
0.220671 0.220671 0
0.220548 0.220548 0
0.220425 0.220425 0
0.220302 0.220302 0
0.220179 0.220179 0
0.220055 0.220055 0
0.219931 0.219931 0
0.219807 0.219807 0
0.219683 0.219683 0
0.219558 0.219558 0
0.219433 0.219433 0
0.219308 0.219308 0
0.219183 0.219183 0
0.219057 0.219057 0
0.218931 0.218931 0
0.218804 0.218804 0
0.218678 0.218678 0
0.218551 0.218551 0
0.218424 0.218424 0
0.218296 0.218296 0
0.218169 0.218169 0
0.218041 0.218041 0
0.217912 0.217912 0
0.217784 0.217784 0
0.217655 0.217655 0
0.217526 0.217526 0
0.217397 0.217397 0
0.217267 0.217267 0
0.217137 0.217137 0
0.217007 0.217007 0
0.216877 0.216877 0
0.216746 0.216746 0
0.216616 0.216616 0
0.216484 0.216484 0
0.216353 0.216353 0
0.216221 0.216221 0
0.216089 0.216089 0
0.215957 0.215957 0
0.215825 0.215825 0
0.215692 0.215692 0
0.215559 0.215559 0
0.215426 0.215426 0
0.215292 0.215292 0
0.215158 0.215158 0
0.215024 0.215024 0
0.21489 0.21489 0
0.214755 0.214755 0
0.214621 0.214621 0
0.214486 0.214486 0
0.21435 0.21435 0
0.214215 0.214215 0
0.214079 0.214079 0
0.213943 0.213943 0
0.213806 0.213806 0
0.21367 0.21367 0
0.213533 0.213533 0
0.213396 0.213396 0
0.213258 0.213258 0
0.213121 0.213121 0
0.212983 0.212983 0
0.212845 0.212845 0
0.212707 0.212707 0
0.212568 0.212568 0
0.212429 0.212429 0
0.21229 0.21229 0
0.212151 0.212151 0
0.212011 0.212011 0
0.211871 0.211871 0
0.211731 0.211731 0
0.211591 0.211591 0
0.21145 0.21145 0
0.211309 0.211309 0
0.211168 0.211168 0
0.211027 0.211027 0
0.210885 0.210885 0
0.210744 0.210744 0
0.210602 0.210602 0
0.210459 0.210459 0
0.210317 0.210317 0
0.210174 0.210174 0
0.210031 0.210031 0
0.209888 0.209888 0
0.209744 0.209744 0
0.209601 0.209601 0
0.209457 0.209457 0
0.209313 0.209313 0
0.209168 0.209168 0
0.209023 0.209023 0
0.208879 0.208879 0
0.208733 0.208733 0
0.208588 0.208588 0
0.208443 0.208443 0
0.208297 0.208297 0
0.208151 0.208151 0
0.208004 0.208004 0
0.207858 0.207858 0
0.207711 0.207711 0
0.207564 0.207564 0
0.207417 0.207417 0
0.20727 0.20727 0
0.207122 0.207122 0
0.206974 0.206974 0
0.206826 0.206826 0
0.206678 0.206678 0
0.206529 0.206529 0
0.20638 0.20638 0
0.206231 0.206231 0
0.206082 0.206082 0
0.205933 0.205933 0
0.205783 0.205783 0
0.205633 0.205633 0
0.205483 0.205483 0
0.205332 0.205332 0
0.205182 0.205182 0
0.205031 0.205031 0
0.20488 0.20488 0
0.204729 0.204729 0
0.204577 0.204577 0
0.204426 0.204426 0
0.204274 0.204274 0
0.204122 0.204122 0
0.20397 0.20397 0
0.203817 0.203817 0
0.203664 0.203664 0
0.203511 0.203511 0
0.203358 0.203358 0
0.203205 0.203205 0
0.203051 0.203051 0
0.202897 0.202897 0
0.202743 0.202743 0
0.202589 0.202589 0
0.202435 0.202435 0
0.20228 0.20228 0
0.202125 0.202125 0
0.20197 0.20197 0
0.201815 0.201815 0
0.201659 0.201659 0
0.201503 0.201503 0
0.201348 0.201348 0
0.201191 0.201191 0
0.201035 0.201035 0
0.200879 0.200879 0
0.200722 0.200722 0
0.200565 0.200565 0
0.200408 0.200408 0
0.20025 0.20025 0
0.200093 0.200093 0
0.199935 0.199935 0
0.199777 0.199777 0
0.199619 0.199619 0
0.19946 0.19946 0
0.199302 0.199302 0
0.199143 0.199143 0
0.198984 0.198984 0
0.198825 0.198825 0
0.198665 0.198665 0
0.198506 0.198506 0
0.198346 0.198346 0
0.198186 0.198186 0
0.198026 0.198026 0
0.197865 0.197865 0
0.197705 0.197705 0
0.197544 0.197544 0
0.197383 0.197383 0
0.197222 0.197222 0
0.19706 0.19706 0
0.196899 0.196899 0
0.196737 0.196737 0
0.196575 0.196575 0
0.196413 0.196413 0
0.196251 0.196251 0
0.196088 0.196088 0
0.195925 0.195925 0
0.195762 0.195762 0
0.195599 0.195599 0
0.195436 0.195436 0
0.195272 0.195272 0
0.195108 0.195108 0
0.194944 0.194944 0
0.19478 0.19478 0
0.194616 0.194616 0
0.194452 0.194452 0
0.194287 0.194287 0
0.194122 0.194122 0
0.193957 0.193957 0
0.193792 0.193792 0
0.193626 0.193626 0
0.19346 0.19346 0
0.193295 0.193295 0
0.193129 0.193129 0
0.192962 0.192962 0
0.192796 0.192796 0
0.192629 0.192629 0
0.192463 0.192463 0
0.192296 0.192296 0
0.192128 0.192128 0
0.191961 0.191961 0
0.191793 0.191793 0
0.191626 0.191626 0
0.191458 0.191458 0
0.19129 0.19129 0
0.191121 0.191121 0
0.190953 0.190953 0
0.190784 0.190784 0
0.190615 0.190615 0
0.190446 0.190446 0
0.190277 0.190277 0
0.190108 0.190108 0
0.189938 0.189938 0
0.189768 0.189768 0
0.189598 0.189598 0
0.189428 0.189428 0
0.189258 0.189258 0
0.189087 0.189087 0
0.188917 0.188917 0
0.188746 0.188746 0
0.188575 0.188575 0
0.188403 0.188403 0
0.188232 0.188232 0
0.18806 0.18806 0
0.187889 0.187889 0
0.187717 0.187717 0
0.187544 0.187544 0
0.187372 0.187372 0
0.1872 0.1872 0
0.187027 0.187027 0
0.186854 0.186854 0
0.186681 0.186681 0
0.186508 0.186508 0
0.186334 0.186334 0
0.18616 0.18616 0
0.185987 0.185987 0
0.185813 0.185813 0
0.185639 0.185639 0
0.185464 0.185464 0
0.18529 0.18529 0
0.185115 0.185115 0
0.18494 0.18494 0
0.184765 0.184765 0
0.18459 0.18459 0
0.184414 0.184414 0
0.184239 0.184239 0
0.184063 0.184063 0
0.183887 0.183887 0
0.183711 0.183711 0
0.183535 0.183535 0
0.183358 0.183358 0
0.183181 0.183181 0
0.183004 0.183004 0
0.182827 0.182827 0
0.18265 0.18265 0
0.182473 0.182473 0
0.182295 0.182295 0
0.182118 0.182118 0
0.18194 0.18194 0
0.181762 0.181762 0
0.181583 0.181583 0
0.181405 0.181405 0
0.181226 0.181226 0
0.181047 0.181047 0
0.180868 0.180868 0
0.180689 0.180689 0
0.18051 0.18051 0
0.18033 0.18033 0
0.180151 0.180151 0
0.179971 0.179971 0
0.179791 0.179791 0
0.179611 0.179611 0
0.17943 0.17943 0
0.17925 0.17925 0
0.179069 0.179069 0
0.178888 0.178888 0
0.178707 0.178707 0
0.178526 0.178526 0
0.178344 0.178344 0
0.178163 0.178163 0
0.177981 0.177981 0
0.177799 0.177799 0
0.177617 0.177617 0
0.177434 0.177434 0
0.177252 0.177252 0
0.177069 0.177069 0
0.176886 0.176886 0
0.176703 0.176703 0
0.17652 0.17652 0
0.176337 0.176337 0
0.176153 0.176153 0
0.175969 0.175969 0
0.175786 0.175786 0
0.175602 0.175602 0
0.175417 0.175417 0
0.175233 0.175233 0
0.175048 0.175048 0
0.174864 0.174864 0
0.174679 0.174679 0
0.174494 0.174494 0
0.174308 0.174308 0
0.174123 0.174123 0
0.173937 0.173937 0
0.173751 0.173751 0
0.173565 0.173565 0
0.173379 0.173379 0
0.173193 0.173193 0
0.173007 0.173007 0
0.17282 0.17282 0
0.172633 0.172633 0
0.172446 0.172446 0
0.172259 0.172259 0
0.172072 0.172072 0
0.171884 0.171884 0
0.171696 0.171696 0
0.171508 0.171508 0
0.17132 0.17132 0
0.171132 0.171132 0
0.170944 0.170944 0
0.170755 0.170755 0
0.170567 0.170567 0
0.170378 0.170378 0
0.170189 0.170189 0
0.169999 0.169999 0
0.16981 0.16981 0
0.169621 0.169621 0
0.169431 0.169431 0
0.169241 0.169241 0
0.169051 0.169051 0
0.168861 0.168861 0
0.16867 0.16867 0
0.16848 0.16848 0
0.168289 0.168289 0
0.168098 0.168098 0
0.167907 0.167907 0
0.167715 0.167715 0
0.167524 0.167524 0
0.167332 0.167332 0
0.167141 0.167141 0
0.166949 0.166949 0
0.166757 0.166757 0
0.166564 0.166564 0
0.166372 0.166372 0
0.166179 0.166179 0
0.165986 0.165986 0
0.165793 0.165793 0
0.1656 0.1656 0
0.165407 0.165407 0
0.165213 0.165213 0
0.16502 0.16502 0
0.164826 0.164826 0
0.164632 0.164632 0
0.164438 0.164438 0
0.164244 0.164244 0
0.164049 0.164049 0
0.163854 0.163854 0
0.16366 0.16366 0
0.163465 0.163465 0
0.163269 0.163269 0
0.163074 0.163074 0
0.162879 0.162879 0
0.162683 0.162683 0
0.162487 0.162487 0
0.162291 0.162291 0
0.162095 0.162095 0
0.161899 0.161899 0
0.161702 0.161702 0
0.161505 0.161505 0
0.161309 0.161309 0
0.161112 0.161112 0
0.160914 0.160914 0
0.160717 0.160717 0
0.16052 0.16052 0
0.160322 0.160322 0
0.160124 0.160124 0
0.159926 0.159926 0
0.159728 0.159728 0
0.159529 0.159529 0
0.159331 0.159331 0
0.159132 0.159132 0
0.158933 0.158933 0
0.158734 0.158734 0
0.158535 0.158535 0
0.158336 0.158336 0
0.158136 0.158136 0
0.157937 0.157937 0
0.157737 0.157737 0
0.157537 0.157537 0
0.157336 0.157336 0
0.157136 0.157136 0
0.156936 0.156936 0
0.156735 0.156735 0
0.156534 0.156534 0
0.156333 0.156333 0
0.156132 0.156132 0
0.15593 0.15593 0
0.155729 0.155729 0
0.155527 0.155527 0
0.155325 0.155325 0
0.155123 0.155123 0
0.154921 0.154921 0
0.154719 0.154719 0
0.154516 0.154516 0
0.154314 0.154314 0
0.154111 0.154111 0
0.153908 0.153908 0
0.153704 0.153704 0
0.153501 0.153501 0
0.153298 0.153298 0
0.153094 0.153094 0
0.15289 0.15289 0
0.152686 0.152686 0
0.152482 0.152482 0
0.152277 0.152277 0
0.152073 0.152073 0
0.151868 0.151868 0
0.151663 0.151663 0
0.151458 0.151458 0
0.151253 0.151253 0
0.151048 0.151048 0
0.150842 0.150842 0
0.150636 0.150636 0
0.150431 0.150431 0
0.150225 0.150225 0
0.150018 0.150018 0
0.149812 0.149812 0
0.149606 0.149606 0
0.149399 0.149399 0
0.149192 0.149192 0
0.148985 0.148985 0
0.148778 0.148778 0
0.14857 0.14857 0
0.148363 0.148363 0
0.148155 0.148155 0
0.147947 0.147947 0
0.147739 0.147739 0
0.147531 0.147531 0
0.147323 0.147323 0
0.147114 0.147114 0
0.146906 0.146906 0
0.146697 0.146697 0
0.146488 0.146488 0
0.146279 0.146279 0
0.146069 0.146069 0
0.14586 0.14586 0
0.14565 0.14565 0
0.14544 0.14544 0
0.14523 0.14523 0
0.14502 0.14502 0
0.14481 0.14481 0
0.144599 0.144599 0
0.144389 0.144389 0
0.144178 0.144178 0
0.143967 0.143967 0
0.143756 0.143756 0
0.143544 0.143544 0
0.143333 0.143333 0
0.143121 0.143121 0
0.142909 0.142909 0
0.142697 0.142697 0
0.142485 0.142485 0
0.142273 0.142273 0
0.14206 0.14206 0
0.141848 0.141848 0
0.141635 0.141635 0
0.141422 0.141422 0
0.141209 0.141209 0
0.140996 0.140996 0
0.140782 0.140782 0
0.140568 0.140568 0
0.140355 0.140355 0
0.140141 0.140141 0
0.139927 0.139927 0
0.139712 0.139712 0
0.139498 0.139498 0
0.139283 0.139283 0
0.139069 0.139069 0
0.138854 0.138854 0
0.138639 0.138639 0
0.138423 0.138423 0
0.138208 0.138208 0
0.137992 0.137992 0
0.137777 0.137777 0
0.137561 0.137561 0
0.137345 0.137345 0
0.137128 0.137128 0
0.136912 0.136912 0
0.136696 0.136696 0
0.136479 0.136479 0
0.136262 0.136262 0
0.136045 0.136045 0
0.135828 0.135828 0
0.135611 0.135611 0
0.135393 0.135393 0
0.135175 0.135175 0
0.134958 0.134958 0
0.13474 0.13474 0
0.134522 0.134522 0
0.134303 0.134303 0
0.134085 0.134085 0
0.133866 0.133866 0
0.133648 0.133648 0
0.133429 0.133429 0
0.13321 0.13321 0
0.13299 0.13299 0
0.132771 0.132771 0
0.132552 0.132552 0
0.132332 0.132332 0
0.132112 0.132112 0
0.131892 0.131892 0
0.131672 0.131672 0
0.131452 0.131452 0
0.131231 0.131231 0
0.131011 0.131011 0
0.13079 0.13079 0
0.130569 0.130569 0
0.130348 0.130348 0
0.130127 0.130127 0
0.129906 0.129906 0
0.129684 0.129684 0
0.129463 0.129463 0
0.129241 0.129241 0
0.129019 0.129019 0
0.128797 0.128797 0
0.128575 0.128575 0
0.128353 0.128353 0
0.12813 0.12813 0
0.127908 0.127908 0
0.127685 0.127685 0
0.127462 0.127462 0
0.127239 0.127239 0
0.127016 0.127016 0
0.126792 0.126792 0
0.126569 0.126569 0
0.126345 0.126345 0
0.126122 0.126122 0
0.125898 0.125898 0
0.125674 0.125674 0
0.12545 0.12545 0
0.125226 0.125226 0
0.125001 0.125001 0
0.124777 0.124777 0
0.124552 0.124552 0
0.124328 0.124328 0
0.124103 0.124103 0
0.123878 0.123878 0
0.123653 0.123653 0
0.123427 0.123427 0
0.123202 0.123202 0
0.122977 0.122977 0
0.122751 0.122751 0
0.122525 0.122525 0
0.122299 0.122299 0
0.122073 0.122073 0
0.121847 0.121847 0
0.121621 0.121621 0
0.121395 0.121395 0
0.121169 0.121169 0
0.120942 0.120942 0
0.120716 0.120716 0
0.120489 0.120489 0
0.120262 0.120262 0
0.120035 0.120035 0
0.119808 0.119808 0
0.119581 0.119581 0
0.119354 0.119354 0
0.119126 0.119126 0
0.118899 0.118899 0
0.118672 0.118672 0
0.118444 0.118444 0
0.118216 0.118216 0
0.117988 0.117988 0
0.117761 0.117761 0
0.117533 0.117533 0
0.117305 0.117305 0
0.117077 0.117077 0
0.116848 0.116848 0
0.11662 0.11662 0
0.116392 0.116392 0
0.116163 0.116163 0
0.115935 0.115935 0
0.115706 0.115706 0
0.115478 0.115478 0
0.115249 0.115249 0
0.11502 0.11502 0
0.114791 0.114791 0
0.114562 0.114562 0
0.114333 0.114333 0
0.114104 0.114104 0
0.113875 0.113875 0
0.113646 0.113646 0
0.113417 0.113417 0
0.113188 0.113188 0
0.112958 0.112958 0
0.112729 0.112729 0
0.1125 0.1125 0
0.11227 0.11227 0
0.112041 0.112041 0
0.111811 0.111811 0
0.111582 0.111582 0
0.111352 0.111352 0
0.111122 0.111122 0
0.110893 0.110893 0
0.110663 0.110663 0
0.110434 0.110434 0
0.110204 0.110204 0
0.109974 0.109974 0
0.109744 0.109744 0
0.109515 0.109515 0
0.109285 0.109285 0
0.109055 0.109055 0
0.108825 0.108825 0
0.108596 0.108596 0
0.108366 0.108366 0
0.108136 0.108136 0
0.107906 0.107906 0
0.107676 0.107676 0
0.107447 0.107447 0
0.107217 0.107217 0
0.106987 0.106987 0
0.106757 0.106757 0
0.106528 0.106528 0
0.106298 0.106298 0
0.106068 0.106068 0
0.105839 0.105839 0
0.105609 0.105609 0
0.10538 0.10538 0
0.10515 0.10515 0
0.104921 0.104921 0
0.104691 0.104691 0
0.104462 0.104462 0
0.104232 0.104232 0
0.104003 0.104003 0
0.103774 0.103774 0
0.103545 0.103545 0
0.103316 0.103316 0
0.103086 0.103086 0
0.102857 0.102857 0
0.102628 0.102628 0
0.1024 0.1024 0
0.102171 0.102171 0
0.101942 0.101942 0
0.101713 0.101713 0
0.101485 0.101485 0
0.101256 0.101256 0
0.101028 0.101028 0
0.1008 0.1008 0
0.100571 0.100571 0
0.100343 0.100343 0
0.100115 0.100115 0
0.0998874 0.0998874 0
0.0996596 0.0996596 0
0.0994319 0.0994319 0
0.0992043 0.0992043 0
0.0989769 0.0989769 0
0.0987495 0.0987495 0
0.0985223 0.0985223 0
0.0982952 0.0982952 0
0.0980682 0.0980682 0
0.0978414 0.0978414 0
0.0976147 0.0976147 0
0.0973881 0.0973881 0
0.0971617 0.0971617 0
