20.2222 23.6667
31.8889 33.6667
39.7778 44.6667
47.6667 49
53.3333 52.6667
57.4444 56.3333
60.8889 59.6667
63.3333 62
66.6667 65.6667
68.5556 67.3333
69.3333 67.6667
71.2222 68
73.2222 68
74.8889 69
75.2222 70
76.6667 70.6667
77.3333 71.6667
78 71.3333
79.1111 72.3333
79.7778 73.6667
80.2222 74
81 75.3333
81.7778 75.3333
82.3333 75.3333
82.5556 75.3333
82.6667 75.6667
82.8889 76.6667
83.2222 77.6667
83.8889 77.6667
84.2222 77.6667
84.6667 77.6667
85 78
85.5556 78
85.7778 78.6667
86.1111 79
86.4444 79.6667
87 79.6667
87.2222 79.6667
87.3333 79.6667
87.6667 80
87.8889 80.6667
88.1111 80.6667
88.2222 80.6667
88.3333 81
88.7778 82
89.3333 82
89.4444 82
89.6667 82.3333
89.7778 82.3333
90 82.3333
90.3333 82.3333
90.7778 82.3333
91.2222 82.3333
91.3333 82.3333
91.3333 82.3333
91.3333 81.6667
91.4444 81.6667
91.6667 82
92 82
92.3333 82
92.4444 82
92.5556 82
92.8889 82
93.2222 82
93.2222 82
93.3333 82
93.3333 82.3333
93.3333 82.3333
93.3333 82.3333
93.4444 82.3333
93.4444 82.6667
93.5556 82.6667
93.5556 82.6667
93.7778 82.6667
94 82.6667
94.3333 82.6667
94.4444 82.6667
94.6667 82.6667
94.6667 83
94.7778 82.6667
94.8889 82.6667
95 82.3333
95 82.6667
95.1111 83
95.3333 83
95.3333 83
95.3333 83
95.3333 83
95.3333 82.6667
95.4444 83
95.4444 83
95.4444 83
95.4444 83
95.4444 83
95.4444 83
95.4444 83
95.6667 83.3333
95.7778 83.6667
95.7778 83.6667
95.8889 83.6667
96 83.3333
96 83.3333
96 83.3333
96 83.6667
96 83.6667
96.1111 83.6667
96.2222 83.3333
96.3333 83.3333
96.3333 83.3333
96.3333 83.3333
96.3333 83.3333
96.4444 83.3333
96.6667 83.3333
96.6667 83.6667
96.6667 83.3333
96.6667 83.3333
96.6667 83.3333
96.6667 83.3333
96.8889 83.3333
97 83.3333
97.1111 83.3333
97.2222 83.3333
97.2222 83.3333
97.2222 83.3333
97.2222 83.3333
97.3333 83.3333
97.3333 83.3333
97.4444 83.3333
97.4444 83.3333
97.4444 83.3333
97.4444 83.3333
97.5556 83.3333
97.5556 83.3333
97.5556 83.3333
97.5556 83.3333
97.6667 83.6667
97.6667 83.6667
97.6667 83.6667
97.6667 83.6667
97.6667 83.6667
97.6667 84
97.6667 84
97.6667 84
97.7778 84
97.8889 84
97.8889 84
97.8889 84.3333
97.8889 84.6667
97.8889 84.6667
97.8889 84.6667
97.8889 84.6667
97.8889 84.6667
97.8889 84.6667
97.8889 84.6667
97.8889 84.6667
98 84.6667
98 84.6667
98 84.6667
98 84.6667
98.1111 84.6667
98.1111 84.6667
98.1111 84.6667
98.1111 84.6667
98.2222 84.6667
98.3333 84.6667
98.3333 84.6667
98.3333 84.6667
98.3333 84.6667
98.3333 84.6667
98.3333 84.6667
98.3333 84.6667
98.3333 84.6667
98.3333 84.6667
98.3333 84.6667
98.3333 84.6667
98.3333 84.6667
98.4444 84.6667
98.4444 84.6667
98.4444 84.6667
98.4444 84.6667
98.4444 84.6667
98.4444 84.6667
98.4444 84.6667
98.4444 84.6667
98.4444 84.6667
98.5556 84.6667
98.5556 84.6667
98.6667 84.6667
98.6667 84.6667
98.6667 84.6667
98.6667 84.6667
98.6667 84.6667
98.6667 84.6667
98.7778 84.6667
98.7778 84.6667
98.7778 84.6667
98.7778 84.6667
98.7778 84.6667
98.7778 85
98.7778 85
98.7778 84.6667
98.7778 84.6667
98.7778 84.6667
98.7778 84.6667
98.7778 84.6667
98.7778 84.6667
98.7778 84.6667
98.7778 84.6667
98.7778 84.6667
98.7778 84.3333
98.7778 84.6667
98.7778 84.6667
98.7778 84.3333
98.7778 84.3333
98.7778 84.3333
98.7778 84.3333
98.7778 84.3333
98.7778 84.3333
98.7778 84.3333
98.7778 84.3333
98.7778 84.3333
98.8889 84.3333
98.8889 84.3333
99 84.3333
99 84.3333
99 84.3333
99 84.3333
99 84.3333
99 84.3333
99.1111 84.3333
99.1111 84.3333
99.1111 84.3333
99.1111 84.3333
99.1111 84.3333
99.1111 84.3333
99.1111 84.3333
99.1111 84.3333
99.1111 84.3333
99.1111 84.3333
99.1111 84.3333
99.2222 84.6667
99.2222 84.6667
99.2222 85
99.2222 85
99.2222 85
99.2222 85
99.2222 85.3333
99.2222 85.3333
99.2222 85.3333
99.2222 85.3333
99.2222 85.3333
99.2222 85.3333
99.2222 85.3333
99.2222 85.3333
99.2222 85.3333
99.2222 85.3333
99.2222 85.3333
99.2222 85.3333
99.2222 85.3333
99.2222 85.3333
99.2222 85.3333
99.2222 85.3333
99.2222 85.3333
99.2222 85.3333
99.2222 85.3333
99.2222 85.3333
99.2222 85.3333
99.2222 85.3333
99.2222 85.3333
99.2222 85.3333
99.2222 85.3333
99.2222 85.3333
99.2222 85.3333
99.2222 85.3333
99.2222 85.3333
99.2222 85.3333
99.2222 85.3333
99.3333 85.3333
99.3333 85.3333
99.3333 85.3333
99.3333 85.3333
99.3333 85.3333
99.3333 85.3333
99.3333 85.3333
99.3333 85.3333
99.3333 85.3333
99.3333 85.3333
99.3333 85
99.3333 85
99.3333 85
99.3333 85
99.3333 85
99.3333 85
99.3333 85
99.4444 85
99.4444 85
99.4444 85
99.4444 85.3333
99.4444 85.3333
99.4444 85.3333
99.4444 85.3333
99.4444 85.3333
99.4444 85.3333
99.4444 85.3333
99.4444 85.3333
99.4444 85.3333
99.4444 85.3333
99.4444 85.3333
99.4444 85.3333
99.4444 85.3333
99.4444 85.3333
99.4444 85.3333
99.4444 85.3333
99.4444 85
99.4444 85
99.5556 85
99.5556 85
99.6667 85
99.6667 85
99.6667 85
99.6667 85
99.6667 85
99.6667 85
99.6667 85
99.6667 85
99.6667 85
99.6667 85
99.6667 85
99.6667 85
99.6667 85
99.6667 84.6667
99.6667 84.6667
99.6667 84.6667
99.6667 84.6667
99.6667 84.6667
99.6667 84.6667
99.6667 84.6667
99.6667 84.6667
99.6667 84.6667
99.6667 84.6667
99.6667 84.6667
99.6667 84.6667
99.6667 84.6667
99.6667 84.6667
99.6667 84.6667
99.6667 84.6667
99.6667 84.6667
99.6667 84.6667
99.6667 84.6667
99.6667 84.6667
99.6667 84.6667
99.6667 84.6667
99.6667 84.6667
99.6667 84.6667
99.6667 84.6667
99.6667 84.6667
99.6667 84.6667
99.6667 84.6667
99.6667 84.6667
99.6667 84.6667
99.6667 84.6667
99.6667 84.6667
99.6667 84.6667
99.6667 84.6667
99.6667 84.6667
99.6667 84.6667
99.6667 84.6667
99.6667 84.6667
99.6667 84.6667
99.6667 84.6667
99.6667 84.3333
99.6667 84.3333
99.6667 84.3333
99.6667 84.3333
99.6667 84.3333
99.6667 84.3333
99.6667 84.3333
99.6667 84.3333
99.6667 84.3333
99.6667 84.3333
99.6667 84.3333
99.6667 84.3333
99.6667 84.3333
99.6667 84.3333
99.6667 84.3333
99.6667 84.3333
99.6667 84.3333
99.6667 84.3333
99.6667 84.3333
99.6667 84.3333
99.6667 84.3333
99.6667 84.3333
99.6667 84.3333
99.6667 84.3333
99.6667 84.3333
99.6667 84.3333
99.6667 84.3333
99.6667 84.3333
99.6667 84.3333
99.6667 84.3333
99.6667 84.3333
99.6667 84.3333
99.6667 84.3333
99.6667 84.3333
99.6667 84.3333
99.6667 84.3333
99.6667 84.3333
99.6667 84.3333
99.6667 84.3333
99.6667 84.3333
99.6667 84.3333
99.6667 84.3333
99.6667 84.3333
99.6667 84.3333
99.6667 84.3333
99.6667 84.3333
99.6667 84.3333
99.6667 84.3333
99.6667 84.3333
99.6667 84.3333
99.6667 84.3333
99.6667 84.3333
99.6667 84.3333
99.6667 84.3333
99.6667 84.3333
99.6667 84.3333
99.6667 84.3333
99.6667 84.3333
99.6667 84.3333
99.6667 84.3333
99.6667 84.3333
99.6667 84.3333
99.6667 84.3333
99.6667 84.3333
99.6667 84.3333
99.6667 84.3333
99.6667 84.3333
99.6667 84.3333
99.6667 84.3333
99.6667 84.3333
99.6667 84.3333
99.6667 84.3333
99.6667 84.3333
99.6667 84.3333
99.6667 84.3333
99.6667 84.3333
99.6667 84
99.6667 84
99.6667 84
99.6667 84
99.6667 84
99.6667 84
99.6667 84
99.6667 83.6667
99.6667 83.6667
99.6667 83.6667
99.6667 83.6667
99.6667 83.6667
99.6667 83.6667
99.6667 83.6667
99.6667 83.6667
99.6667 83.6667
99.6667 83.6667
99.6667 83.6667
99.6667 83.6667
99.6667 83.6667
99.6667 83.6667
99.6667 83.6667
99.6667 83.6667
99.6667 83.6667
99.6667 83.6667
99.6667 83.6667
99.6667 83.6667
99.7778 83.6667
99.7778 83.6667
99.7778 83.6667
99.7778 83.6667
99.7778 83.6667
99.7778 83.6667
99.7778 83.6667
99.7778 83.6667
99.7778 83.6667
99.7778 83.6667
99.7778 83.6667
99.7778 83.6667
99.7778 83.6667
99.7778 83.6667
99.7778 83.6667
99.7778 83.6667
99.7778 83.6667
99.7778 83.6667
99.7778 83.6667
99.7778 83.6667
99.7778 83.6667
99.7778 83.6667
99.7778 83.6667
99.7778 83.6667
99.7778 83.6667
99.7778 83.6667
99.7778 83.6667
99.7778 83.6667
99.7778 83.6667
99.7778 83.6667
99.7778 83.6667
99.7778 83.6667
99.7778 83.6667
99.7778 83.6667
99.7778 83.6667
99.7778 83.6667
99.7778 83.6667
99.7778 83.6667
99.7778 83.6667
99.7778 83.6667
99.7778 83.6667
99.7778 83.6667
99.7778 83.6667
99.7778 83.6667
99.7778 83.6667
99.7778 83.6667
99.7778 83.6667
99.7778 83.6667
99.7778 83.6667
99.7778 83.6667
99.7778 83.6667
99.7778 83.6667
99.7778 83.6667
99.7778 83.6667
99.7778 83.6667
99.7778 83.6667
99.7778 83.6667
99.7778 83.6667
99.7778 83.6667
99.7778 83.6667
99.7778 83.6667
99.7778 83.6667
99.7778 83.6667
99.7778 83.6667
99.7778 83.6667
99.7778 83.6667
99.7778 83.6667
99.7778 83.6667
99.7778 83.6667
99.7778 83.6667
99.7778 83.6667
99.7778 83.6667
99.7778 83.6667
99.7778 83.6667
99.7778 83.6667
99.7778 83.6667
99.7778 83.6667
99.7778 83.6667
99.7778 83.6667
99.7778 83.6667
99.7778 83.6667
99.7778 83.6667
99.7778 83.6667
99.8889 83.6667
99.8889 83.6667
99.8889 83.6667
99.8889 83.6667
99.8889 83.6667
99.8889 83.6667
99.8889 83.6667
99.8889 83.6667
99.8889 83.6667
99.8889 83.6667
99.8889 83.6667
99.8889 83.6667
99.8889 83.6667
99.8889 83.6667
99.8889 83.6667
99.8889 83.6667
99.8889 83.6667
99.8889 83.6667
99.8889 83.6667
99.8889 83.6667
99.8889 83.6667
99.8889 83.6667
99.8889 83.6667
99.8889 83.6667
99.8889 83.6667
99.8889 83.6667
99.8889 83.6667
99.8889 83.6667
99.8889 83.6667
99.8889 83.6667
99.8889 83.6667
99.8889 83.6667
99.8889 83.6667
99.8889 83.6667
99.8889 83.6667
99.8889 83.6667
99.8889 83.6667
99.8889 83.6667
99.8889 83.6667
99.8889 83.6667
99.8889 83.6667
99.8889 83.6667
99.8889 83.6667
99.8889 83.6667
99.8889 83.6667
99.8889 83.6667
99.8889 83.6667
99.8889 83.6667
99.8889 83.6667
99.8889 83.6667
99.8889 83.6667
99.8889 83.6667
99.8889 83.6667
99.8889 83.6667
99.8889 83.6667
99.8889 83.6667
99.8889 83.6667
99.8889 83.6667
99.8889 83.6667
99.8889 83.6667
99.8889 83.6667
99.8889 83.6667
99.8889 83.6667
99.8889 83.6667
99.8889 83.6667
99.8889 83.6667
99.8889 83.6667
99.8889 83.6667
99.8889 83.6667
99.8889 83.6667
99.8889 83.6667
99.8889 83.6667
99.8889 83.6667
99.8889 83.6667
99.8889 83.6667
99.8889 83.6667
99.8889 84
99.8889 84
99.8889 84
99.8889 84
99.8889 84
99.8889 84
99.8889 84
99.8889 84
99.8889 84
99.8889 84
99.8889 84
99.8889 84
99.8889 84
99.8889 84
99.8889 84
99.8889 84
99.8889 84
99.8889 84
99.8889 84
99.8889 84
99.8889 84
99.8889 84
99.8889 84
99.8889 84
99.8889 84
99.8889 84
99.8889 84
99.8889 84
99.8889 84
99.8889 84
99.8889 84
99.8889 84
99.8889 84
99.8889 84
99.8889 84
99.8889 84
99.8889 84
99.8889 84
99.8889 84
99.8889 84
99.8889 84
99.8889 84
99.8889 84
99.8889 84
99.8889 84
99.8889 84
99.8889 84
99.8889 84
99.8889 84
99.8889 84
99.8889 84
99.8889 84
99.8889 84
99.8889 84
99.8889 84
99.8889 84
99.8889 84
99.8889 84
99.8889 84
99.8889 84
99.8889 84
99.8889 84
99.8889 84
99.8889 84
99.8889 84
99.8889 84
99.8889 84
99.8889 84
99.8889 84
99.8889 84
99.8889 84
99.8889 84
100 84
100 84
100 84
100 84
100 84
100 84
100 84
100 84
100 84
100 84
100 84
100 84
100 84
100 84
100 84
100 84
100 84
100 84
100 84
100 84
100 84
100 84
100 84
100 84
100 84
100 84
100 84
100 84
100 84
100 84
100 84
100 84
100 84
100 84
100 84
100 84
100 84
100 84
100 84
100 84
100 84
100 84
100 84
100 84
100 84
100 84
100 84
100 84
100 84
100 84
100 84
100 84
100 84
100 84
100 84
100 84
100 84
100 84
100 84
100 84
100 84
100 84
100 84
100 84
100 84
100 84
100 84
100 84
100 84
100 84
100 84
100 84
100 84
100 84
100 84
100 84
100 84
100 84
100 84
100 84
100 84
100 84
100 84
100 84
100 84
100 84
100 84
100 84
100 84
100 84
100 84
100 84
100 84
100 84
100 84
100 84
100 84
100 84
100 84
100 84
100 84
100 84
100 84
100 84
100 84
100 84
100 83.6667
100 83.6667
100 83.6667
100 83.6667
100 83.6667
100 83.6667
100 83.6667
100 83.6667
100 83.6667
100 83.6667
100 83.6667
100 83.6667
100 83.6667
100 83.6667
100 83.6667
100 83.6667
100 83.6667
100 83.6667
100 83.6667
100 83.6667
100 83.6667
100 83.6667
100 83.6667
100 83.6667
100 83.6667
100 83.6667
100 83.6667
100 83.6667
100 83.6667
100 83.6667
100 83.6667
100 83.6667
100 83.6667
100 83.6667
100 83.6667
100 83.6667
100 83.6667
100 83.6667
100 83.6667
100 83.6667
100 83.6667
100 83.6667
100 83.6667
100 83.6667
100 83.6667
100 83.6667
100 83.6667
100 83.6667
100 83.6667
100 83.6667
100 83.6667
100 83.6667
100 83.6667
100 83.6667
100 83.6667
100 83.6667
100 83.6667
100 83.6667
100 83.6667
100 83.6667
100 83.6667
100 83.6667
100 83.6667
100 83.6667
100 83.6667
100 83.6667
100 83.6667
100 83.6667
100 83.6667
100 83.6667
100 83.6667
100 83.6667
100 83.6667
100 83.6667
100 83.6667
100 83.6667
100 83.6667
100 83.6667
100 83.6667
100 83.6667
100 83.6667
100 83.6667
100 83.6667
100 83.6667
100 83.6667
100 83.6667
100 83.6667
100 83.6667
100 83.6667
100 83.6667
100 83.6667
100 83.6667
100 83.6667
100 83.6667
100 83.6667
100 83.6667
100 83.6667
100 83.6667
100 83.6667
100 83.6667
100 83.6667
100 83.6667
100 83.6667
100 83.6667
100 83.6667
100 83.6667
100 83.6667
100 83.6667
100 83.6667
100 83.6667
100 83.6667
100 83.6667
100 83.6667
100 83.6667
100 83.6667
100 83.6667
100 83.6667
100 83.6667
100 83.6667
100 83.6667
100 83.6667
100 83.6667
100 84
100 84
100 84
100 84
100 84
100 84
100 84
100 84
100 84
100 84
100 84
100 84
100 84
100 84
100 84
100 84
100 84
100 84
100 84
100 84
100 84
100 84
100 84
100 84
100 84
100 84
100 84
100 84
100 84
100 84
100 84
100 84
100 84
100 84
100 84
100 84
100 84
100 84
100 84
100 84
100 84
100 84
100 84
100 84
100 84
100 84
100 84
100 84
100 84
100 84
100 84
100 84
100 84
100 84
100 84
100 84
100 84
100 84
100 84
100 84
100 84
100 84
100 84
100 84
100 84
100 84
100 84
100 84
