0.0300448 0.0374904 0
0.0300666 0.0374207 0
0.0300563 0.0373646 0
0.0300413 0.0373127 0
0.0300264 0.0372637 0
0.0300125 0.0372172 0
0.0299995 0.0371731 0
0.0299876 0.0371311 0
0.0299765 0.0370912 0
0.0299662 0.0370532 0
0.0299566 0.0370171 0
0.0299477 0.0369827 0
0.0299395 0.0369499 0
0.0299319 0.0369187 0
0.0299248 0.0368889 0
0.0299182 0.0368605 0
0.0299121 0.0368334 0
0.0299065 0.0368075 0
0.0299012 0.0367828 0
0.0298963 0.0367591 0
0.0298918 0.0367366 0
0.0298876 0.036715 0
0.0298836 0.0366944 0
0.02988 0.0366747 0
0.0298766 0.0366558 0
0.0298735 0.0366377 0
0.0298705 0.0366204 0
0.0298678 0.0366039 0
0.0298653 0.036588 0
0.0298629 0.0365728 0
0.0298607 0.0365582 0
0.0298587 0.0365443 0
0.0298568 0.0365309 0
0.029855 0.0365181 0
0.0298534 0.0365058 0
0.0298518 0.036494 0
0.0298504 0.0364827 0
0.0298491 0.0364718 0
0.0298478 0.0364614 0
0.0298466 0.0364514 0
0.0298456 0.0364418 0
0.0298445 0.0364326 0
0.0298436 0.0364237 0
0.0298427 0.0364152 0
0.0298419 0.0364071 0
0.0298411 0.0363992 0
0.0298403 0.0363917 0
0.0298397 0.0363845 0
0.029839 0.0363775 0
0.0298384 0.0363708 0
0.0298378 0.0363644 0
0.0298373 0.0363583 0
0.0298368 0.0363523 0
0.0298363 0.0363466 0
0.0298358 0.0363412 0
0.0298354 0.0363359 0
0.029835 0.0363308 0
0.0298346 0.036326 0
0.0298342 0.0363213 0
0.0298338 0.0363168 0
0.0298335 0.0363125 0
0.0298332 0.0363083 0
0.0298329 0.0363043 0
0.0298325 0.0363005 0
0.0298323 0.0362968 0
0.029832 0.0362932 0
0.0298317 0.0362898 0
0.0298314 0.0362865 0
0.0298312 0.0362834 0
0.0298309 0.0362804 0
0.0298307 0.0362774 0
0.0298304 0.0362746 0
0.0298302 0.036272 0
0.0298299 0.0362694 0
0.0298297 0.0362669 0
0.0298295 0.0362645 0
0.0298293 0.0362622 0
0.029829 0.03626 0
0.0298288 0.0362579 0
0.0298286 0.0362558 0
0.0298284 0.0362539 0
0.0298282 0.036252 0
0.029828 0.0362502 0
0.0298277 0.0362485 0
0.0298275 0.0362468 0
0.0298273 0.0362452 0
0.0298271 0.0362437 0
0.0298269 0.0362423 0
0.0298267 0.0362409 0
0.0298265 0.0362395 0
0.0298263 0.0362382 0
0.0298261 0.036237 0
0.0298259 0.0362358 0
0.0298256 0.0362347 0
0.0298254 0.0362336 0
0.0298252 0.0362325 0
0.029825 0.0362316 0
0.0298248 0.0362306 0
0.0298246 0.0362297 0
0.0298244 0.0362288 0
0.0298242 0.036228 0
0.0298239 0.0362272 0
0.0298237 0.0362265 0
0.0298235 0.0362257 0
0.0298233 0.0362251 0
0.0298231 0.0362244 0
0.0298228 0.0362238 0
0.0298226 0.0362232 0
0.0298224 0.0362226 0
0.0298222 0.0362221 0
0.029822 0.0362216 0
0.0298217 0.0362211 0
0.0298215 0.0362207 0
0.0298213 0.0362202 0
0.029821 0.0362198 0
0.0298208 0.0362195 0
0.0298206 0.0362191 0
0.0298204 0.0362188 0
0.0298201 0.0362184 0
0.0298199 0.0362181 0
0.0298197 0.0362179 0
0.0298194 0.0362176 0
0.0298192 0.0362174 0
0.0298189 0.0362171 0
0.0298187 0.0362169 0
0.0298185 0.0362168 0
0.0298182 0.0362166 0
0.029818 0.0362164 0
0.0298177 0.0362163 0
0.0298175 0.0362161 0
0.0298173 0.036216 0
0.029817 0.0362159 0
0.0298168 0.0362158 0
0.0298165 0.0362158 0
0.0298163 0.0362157 0
0.029816 0.0362156 0
0.0298158 0.0362156 0
0.0298155 0.0362156 0
0.0298153 0.0362155 0
0.029815 0.0362155 0
0.0298148 0.0362155 0
0.0298145 0.0362155 0
0.0298142 0.0362156 0
0.029814 0.0362156 0
0.0298137 0.0362156 0
0.0298135 0.0362157 0
0.0298132 0.0362157 0
0.029813 0.0362158 0
0.0298127 0.0362158 0
0.0298124 0.0362159 0
0.0298122 0.036216 0
0.0298119 0.0362161 0
0.0298116 0.0362162 0
0.0298114 0.0362163 0
0.0298111 0.0362164 0
0.0298109 0.0362165 0
0.0298106 0.0362166 0
0.0298103 0.0362167 0
0.02981 0.0362169 0
0.0298098 0.036217 0
0.0298095 0.0362171 0
0.0298092 0.0362173 0
0.029809 0.0362174 0
0.0298087 0.0362176 0
0.0298084 0.0362177 0
0.0298082 0.0362179 0
0.0298079 0.0362181 0
0.0298076 0.0362182 0
0.0298073 0.0362184 0
0.0298071 0.0362186 0
0.0298068 0.0362188 0
0.0298065 0.036219 0
0.0298062 0.0362191 0
0.0298059 0.0362193 0
0.0298057 0.0362195 0
0.0298054 0.0362197 0
0.0298051 0.0362199 0
0.0298048 0.0362201 0
0.0298045 0.0362203 0
0.0298043 0.0362206 0
0.029804 0.0362208 0
0.0298037 0.036221 0
0.0298034 0.0362212 0
0.0298031 0.0362214 0
0.0298028 0.0362217 0
0.0298025 0.0362219 0
0.0298022 0.0362221 0
0.029802 0.0362223 0
0.0298017 0.0362226 0
0.0298014 0.0362228 0
0.0298011 0.0362231 0
0.0298008 0.0362233 0
0.0298005 0.0362235 0
0.0298002 0.0362238 0
0.0297999 0.036224 0
0.0297996 0.0362243 0
0.0297993 0.0362245 0
0.029799 0.0362248 0
0.0297987 0.036225 0
0.0297984 0.0362253 0
0.0297981 0.0362255 0
0.0297978 0.0362258 0
0.0297975 0.0362261 0
0.0297972 0.0362263 0
0.0297969 0.0362266 0
0.0297966 0.0362269 0
0.0297963 0.0362271 0
0.029796 0.0362274 0
0.0297957 0.0362277 0
0.0297954 0.0362279 0
0.0297951 0.0362282 0
0.0297948 0.0362285 0
0.0297945 0.0362288 0
0.0297942 0.036229 0
0.0297939 0.0362293 0
0.0297936 0.0362296 0
0.0297933 0.0362299 0
0.029793 0.0362301 0
0.0297927 0.0362304 0
0.0297924 0.0362307 0
0.0297921 0.036231 0
0.0297917 0.0362313 0
0.0297914 0.0362316 0
0.0297911 0.0362319 0
0.0297908 0.0362321 0
0.0297905 0.0362324 0
0.0297902 0.0362327 0
0.0297899 0.036233 0
0.0297895 0.0362333 0
0.0297892 0.0362336 0
0.0297889 0.0362339 0
0.0297886 0.0362342 0
0.0297883 0.0362345 0
0.0297879 0.0362348 0
0.0297876 0.0362351 0
0.0297873 0.0362354 0
0.029787 0.0362357 0
0.0297867 0.036236 0
0.0297863 0.0362363 0
0.029786 0.0362366 0
0.0297857 0.0362369 0
0.0297854 0.0362372 0
0.029785 0.0362375 0
0.0297847 0.0362378 0
0.0297844 0.0362381 0
0.029784 0.0362384 0
0.0297837 0.0362388 0
0.0297834 0.0362391 0
0.0297831 0.0362394 0
0.0297827 0.0362397 0
0.0297824 0.03624 0
0.0297821 0.0362403 0
0.0297817 0.0362406 0
0.0297814 0.036241 0
0.0297811 0.0362413 0
0.0297807 0.0362416 0
0.0297804 0.0362419 0
0.02978 0.0362422 0
0.0297797 0.0362425 0
0.0297794 0.0362429 0
0.029779 0.0362432 0
0.0297787 0.0362435 0
0.0297783 0.0362438 0
0.029778 0.0362442 0
0.0297777 0.0362445 0
0.0297773 0.0362448 0
0.029777 0.0362451 0
0.0297766 0.0362455 0
0.0297763 0.0362458 0
0.0297759 0.0362461 0
0.0297756 0.0362465 0
0.0297752 0.0362468 0
0.0297749 0.0362471 0
0.0297745 0.0362474 0
0.0297742 0.0362478 0
0.0297738 0.0362481 0
0.0297735 0.0362484 0
0.0297731 0.0362488 0
0.0297728 0.0362491 0
0.0297724 0.0362495 0
0.0297721 0.0362498 0
0.0297717 0.0362501 0
0.0297713 0.0362505 0
0.029771 0.0362508 0
0.0297706 0.0362512 0
0.0297703 0.0362515 0
0.0297699 0.0362518 0
0.0297695 0.0362522 0
0.0297692 0.0362525 0
0.0297688 0.0362529 0
0.0297685 0.0362532 0
0.0297681 0.0362536 0
0.0297677 0.0362539 0
0.0297674 0.0362543 0
0.029767 0.0362546 0
0.0297666 0.0362549 0
0.0297663 0.0362553 0
0.0297659 0.0362556 0
0.0297655 0.036256 0
0.0297651 0.0362564 0
0.0297648 0.0362567 0
0.0297644 0.0362571 0
0.029764 0.0362574 0
0.0297636 0.0362578 0
0.0297633 0.0362581 0
0.0297629 0.0362585 0
0.0297625 0.0362588 0
0.0297621 0.0362592 0
0.0297618 0.0362596 0
0.0297614 0.0362599 0
0.029761 0.0362603 0
0.0297606 0.0362606 0
0.0297602 0.036261 0
0.0297599 0.0362614 0
0.0297595 0.0362617 0
0.0297591 0.0362621 0
0.0297587 0.0362625 0
0.0297583 0.0362628 0
0.0297579 0.0362632 0
0.0297575 0.0362636 0
0.0297571 0.0362639 0
0.0297568 0.0362643 0
0.0297564 0.0362647 0
0.029756 0.036265 0
0.0297556 0.0362654 0
0.0297552 0.0362658 0
0.0297548 0.0362661 0
0.0297544 0.0362665 0
0.029754 0.0362669 0
0.0297536 0.0362673 0
0.0297532 0.0362676 0
0.0297528 0.036268 0
0.0297524 0.0362684 0
0.029752 0.0362688 0
0.0297516 0.0362692 0
0.0297512 0.0362695 0
0.0297508 0.0362699 0
0.0297504 0.0362703 0
0.02975 0.0362707 0
0.0297496 0.0362711 0
0.0297492 0.0362715 0
0.0297487 0.0362718 0
0.0297483 0.0362722 0
0.0297479 0.0362726 0
0.0297475 0.036273 0
0.0297471 0.0362734 0
0.0297467 0.0362738 0
0.0297463 0.0362742 0
0.0297459 0.0362746 0
0.0297454 0.0362749 0
0.029745 0.0362753 0
0.0297446 0.0362757 0
0.0297442 0.0362761 0
0.0297438 0.0362765 0
0.0297433 0.0362769 0
0.0297429 0.0362773 0
0.0297425 0.0362777 0
0.0297421 0.0362781 0
0.0297417 0.0362785 0
0.0297412 0.0362789 0
0.0297408 0.0362793 0
0.0297404 0.0362797 0
0.0297399 0.0362801 0
0.0297395 0.0362805 0
0.0297391 0.0362809 0
0.0297386 0.0362813 0
0.0297382 0.0362817 0
0.0297378 0.0362821 0
0.0297373 0.0362825 0
0.0297369 0.0362829 0
0.0297365 0.0362833 0
0.029736 0.0362837 0
0.0297356 0.0362842 0
0.0297352 0.0362846 0
0.0297347 0.036285 0
0.0297343 0.0362854 0
0.0297338 0.0362858 0
0.0297334 0.0362862 0
0.0297329 0.0362866 0
0.0297325 0.036287 0
0.029732 0.0362875 0
0.0297316 0.0362879 0
0.0297311 0.0362883 0
0.0297307 0.0362887 0
0.0297302 0.0362891 0
0.0297298 0.0362896 0
0.0297293 0.03629 0
0.0297289 0.0362904 0
0.0297284 0.0362908 0
0.029728 0.0362912 0
0.0297275 0.0362917 0
0.029727 0.0362921 0
0.0297266 0.0362925 0
0.0297261 0.0362929 0
0.0297257 0.0362934 0
0.0297252 0.0362938 0
0.0297247 0.0362942 0
0.0297243 0.0362947 0
0.0297238 0.0362951 0
0.0297233 0.0362955 0
0.0297229 0.036296 0
0.0297224 0.0362964 0
0.0297219 0.0362968 0
0.0297214 0.0362973 0
0.029721 0.0362977 0
0.0297205 0.0362981 0
0.02972 0.0362986 0
0.0297195 0.036299 0
0.0297191 0.0362994 0
0.0297186 0.0362999 0
0.0297181 0.0363003 0
0.0297176 0.0363008 0
0.0297171 0.0363012 0
0.0297167 0.0363017 0
0.0297162 0.0363021 0
0.0297157 0.0363025 0
0.0297152 0.036303 0
0.0297147 0.0363034 0
0.0297142 0.0363039 0
0.0297137 0.0363043 0
0.0297132 0.0363048 0
0.0297128 0.0363052 0
0.0297123 0.0363057 0
0.0297118 0.0363061 0
0.0297113 0.0363066 0
0.0297108 0.036307 0
0.0297103 0.0363075 0
0.0297098 0.0363079 0
0.0297093 0.0363084 0
0.0297088 0.0363089 0
0.0297083 0.0363093 0
0.0297078 0.0363098 0
0.0297073 0.0363102 0
0.0297068 0.0363107 0
0.0297062 0.0363112 0
0.0297057 0.0363116 0
0.0297052 0.0363121 0
0.0297047 0.0363125 0
0.0297042 0.036313 0
0.0297037 0.0363135 0
0.0297032 0.0363139 0
0.0297027 0.0363144 0
0.0297021 0.0363149 0
0.0297016 0.0363153 0
0.0297011 0.0363158 0
0.0297006 0.0363163 0
0.0297001 0.0363167 0
0.0296995 0.0363172 0
0.029699 0.0363177 0
0.0296985 0.0363182 0
0.029698 0.0363186 0
0.0296974 0.0363191 0
0.0296969 0.0363196 0
0.0296964 0.0363201 0
0.0296958 0.0363205 0
0.0296953 0.036321 0
0.0296948 0.0363215 0
0.0296942 0.036322 0
0.0296937 0.0363224 0
0.0296932 0.0363229 0
0.0296926 0.0363234 0
0.0296921 0.0363239 0
0.0296915 0.0363244 0
0.029691 0.0363249 0
0.0296905 0.0363253 0
0.0296899 0.0363258 0
0.0296894 0.0363263 0
0.0296888 0.0363268 0
0.0296883 0.0363273 0
0.0296877 0.0363278 0
0.0296872 0.0363283 0
0.0296866 0.0363288 0
0.029686 0.0363293 0
0.0296855 0.0363297 0
0.0296849 0.0363302 0
0.0296844 0.0363307 0
0.0296838 0.0363312 0
0.0296833 0.0363317 0
0.0296827 0.0363322 0
0.0296821 0.0363327 0
0.0296816 0.0363332 0
0.029681 0.0363337 0
0.0296804 0.0363342 0
0.0296799 0.0363347 0
0.0296793 0.0363352 0
0.0296787 0.0363357 0
0.0296781 0.0363362 0
0.0296776 0.0363367 0
0.029677 0.0363372 0
0.0296764 0.0363377 0
0.0296758 0.0363382 0
0.0296753 0.0363387 0
0.0296747 0.0363392 0
0.0296741 0.0363397 0
0.0296735 0.0363402 0
0.0296729 0.0363408 0
0.0296723 0.0363413 0
0.0296718 0.0363418 0
0.0296712 0.0363423 0
0.0296706 0.0363428 0
0.02967 0.0363433 0
0.0296694 0.0363438 0
0.0296688 0.0363443 0
0.0296682 0.0363448 0
0.0296676 0.0363454 0
0.029667 0.0363459 0
0.0296664 0.0363464 0
0.0296658 0.0363469 0
0.0296652 0.0363474 0
0.0296646 0.0363479 0
0.029664 0.0363485 0
0.0296634 0.036349 0
0.0296628 0.0363495 0
0.0296622 0.03635 0
0.0296616 0.0363506 0
0.0296609 0.0363511 0
0.0296603 0.0363516 0
0.0296597 0.0363521 0
0.0296591 0.0363526 0
0.0296585 0.0363532 0
0.0296579 0.0363537 0
0.0296572 0.0363542 0
0.0296566 0.0363548 0
0.029656 0.0363553 0
0.0296554 0.0363558 0
0.0296547 0.0363563 0
0.0296541 0.0363569 0
0.0296535 0.0363574 0
0.0296529 0.0363579 0
0.0296522 0.0363585 0
0.0296516 0.036359 0
0.029651 0.0363595 0
0.0296503 0.0363601 0
0.0296497 0.0363606 0
0.029649 0.0363611 0
0.0296484 0.0363617 0
0.0296478 0.0363622 0
0.0296471 0.0363627 0
0.0296465 0.0363633 0
0.0296458 0.0363638 0
0.0296452 0.0363644 0
0.0296445 0.0363649 0
0.0296439 0.0363654 0
0.0296432 0.036366 0
0.0296426 0.0363665 0
0.0296419 0.0363671 0
0.0296412 0.0363676 0
0.0296406 0.0363681 0
0.0296399 0.0363687 0
0.0296393 0.0363692 0
0.0296386 0.0363698 0
0.0296379 0.0363703 0
0.0296373 0.0363709 0
0.0296366 0.0363714 0
0.0296359 0.036372 0
0.0296353 0.0363725 0
0.0296346 0.036373 0
0.0296339 0.0363736 0
0.0296332 0.0363741 0
0.0296326 0.0363747 0
0.0296319 0.0363752 0
0.0296312 0.0363758 0
0.0296305 0.0363763 0
0.0296298 0.0363769 0
0.0296292 0.0363774 0
0.0296285 0.036378 0
0.0296278 0.0363785 0
0.0296271 0.0363791 0
0.0296264 0.0363796 0
0.0296257 0.0363802 0
0.029625 0.0363808 0
0.0296243 0.0363813 0
0.0296236 0.0363819 0
0.0296229 0.0363824 0
0.0296222 0.036383 0
0.0296215 0.0363835 0
0.0296208 0.0363841 0
0.0296201 0.0363846 0
0.0296194 0.0363852 0
0.0296187 0.0363858 0
0.029618 0.0363863 0
0.0296173 0.0363869 0
0.0296166 0.0363874 0
0.0296158 0.036388 0
0.0296151 0.0363885 0
0.0296144 0.0363891 0
0.0296137 0.0363897 0
0.029613 0.0363902 0
0.0296122 0.0363908 0
0.0296115 0.0363913 0
0.0296108 0.0363919 0
0.0296101 0.0363925 0
0.0296093 0.036393 0
0.0296086 0.0363936 0
0.0296079 0.0363942 0
0.0296071 0.0363947 0
0.0296064 0.0363953 0
0.0296057 0.0363958 0
0.0296049 0.0363964 0
0.0296042 0.036397 0
0.0296034 0.0363975 0
0.0296027 0.0363981 0
0.029602 0.0363987 0
0.0296012 0.0363992 0
0.0296005 0.0363998 0
0.0295997 0.0364004 0
0.029599 0.0364009 0
0.0295982 0.0364015 0
0.0295975 0.036402 0
0.0295967 0.0364026 0
0.0295959 0.0364032 0
0.0295952 0.0364037 0
0.0295944 0.0364043 0
0.0295937 0.0364049 0
0.0295929 0.0364054 0
0.0295921 0.036406 0
0.0295914 0.0364066 0
0.0295906 0.0364071 0
0.0295898 0.0364077 0
0.029589 0.0364083 0
0.0295883 0.0364088 0
0.0295875 0.0364094 0
0.0295867 0.03641 0
0.0295859 0.0364105 0
0.0295851 0.0364111 0
0.0295844 0.0364117 0
0.0295836 0.0364122 0
0.0295828 0.0364128 0
0.029582 0.0364134 0
0.0295812 0.0364139 0
0.0295804 0.0364145 0
0.0295796 0.0364151 0
0.0295788 0.0364156 0
0.029578 0.0364162 0
0.0295772 0.0364168 0
0.0295764 0.0364173 0
0.0295756 0.0364179 0
0.0295748 0.0364184 0
0.029574 0.036419 0
0.0295732 0.0364196 0
0.0295724 0.0364201 0
0.0295716 0.0364207 0
0.0295708 0.0364213 0
0.0295699 0.0364218 0
0.0295691 0.0364224 0
0.0295683 0.036423 0
0.0295675 0.0364235 0
0.0295667 0.0364241 0
0.0295658 0.0364246 0
0.029565 0.0364252 0
0.0295642 0.0364258 0
0.0295634 0.0364263 0
0.0295625 0.0364269 0
0.0295617 0.0364275 0
0.0295609 0.036428 0
0.02956 0.0364286 0
0.0295592 0.0364291 0
0.0295583 0.0364297 0
0.0295575 0.0364302 0
0.0295567 0.0364308 0
0.0295558 0.0364314 0
0.029555 0.0364319 0
0.0295541 0.0364325 0
0.0295533 0.036433 0
0.0295524 0.0364336 0
0.0295516 0.0364341 0
0.0295507 0.0364347 0
0.0295498 0.0364353 0
0.029549 0.0364358 0
0.0295481 0.0364364 0
0.0295473 0.0364369 0
0.0295464 0.0364375 0
0.0295455 0.036438 0
0.0295446 0.0364386 0
0.0295438 0.0364391 0
0.0295429 0.0364397 0
0.029542 0.0364402 0
0.0295412 0.0364408 0
0.0295403 0.0364413 0
0.0295394 0.0364419 0
0.0295385 0.0364424 0
0.0295376 0.036443 0
0.0295367 0.0364435 0
0.0295359 0.036444 0
0.029535 0.0364446 0
0.0295341 0.0364451 0
0.0295332 0.0364457 0
0.0295323 0.0364462 0
0.0295314 0.0364468 0
0.0295305 0.0364473 0
0.0295296 0.0364478 0
0.0295287 0.0364484 0
0.0295278 0.0364489 0
0.0295269 0.0364494 0
0.029526 0.03645 0
0.029525 0.0364505 0
0.0295241 0.036451 0
0.0295232 0.0364516 0
0.0295223 0.0364521 0
0.0295214 0.0364526 0
0.0295205 0.0364532 0
0.0295195 0.0364537 0
0.0295186 0.0364542 0
0.0295177 0.0364547 0
0.0295168 0.0364553 0
0.0295158 0.0364558 0
0.0295149 0.0364563 0
0.029514 0.0364568 0
0.029513 0.0364574 0
0.0295121 0.0364579 0
0.0295112 0.0364584 0
0.0295102 0.0364589 0
0.0295093 0.0364594 0
0.0295083 0.0364599 0
0.0295074 0.0364604 0
0.0295064 0.036461 0
0.0295055 0.0364615 0
0.0295045 0.036462 0
0.0295036 0.0364625 0
0.0295026 0.036463 0
0.0295016 0.0364635 0
0.0295007 0.036464 0
0.0294997 0.0364645 0
0.0294988 0.036465 0
0.0294978 0.0364655 0
0.0294968 0.036466 0
0.0294958 0.0364665 0
0.0294949 0.036467 0
0.0294939 0.0364675 0
0.0294929 0.036468 0
0.0294919 0.0364684 0
0.029491 0.0364689 0
0.02949 0.0364694 0
0.029489 0.0364699 0
0.029488 0.0364704 0
0.029487 0.0364709 0
0.029486 0.0364713 0
0.029485 0.0364718 0
0.029484 0.0364723 0
0.029483 0.0364728 0
0.029482 0.0364732 0
0.029481 0.0364737 0
0.02948 0.0364742 0
0.029479 0.0364746 0
0.029478 0.0364751 0
0.029477 0.0364756 0
0.029476 0.036476 0
0.029475 0.0364765 0
0.029474 0.0364769 0
0.029473 0.0364774 0
0.0294719 0.0364778 0
0.0294709 0.0364783 0
0.0294699 0.0364787 0
0.0294689 0.0364792 0
0.0294678 0.0364796 0
0.0294668 0.0364801 0
0.0294658 0.0364805 0
0.0294647 0.0364809 0
0.0294637 0.0364814 0
0.0294627 0.0364818 0
0.0294616 0.0364822 0
0.0294606 0.0364827 0
0.0294595 0.0364831 0
0.0294585 0.0364835 0
0.0294574 0.0364839 0
0.0294564 0.0364844 0
0.0294553 0.0364848 0
0.0294543 0.0364852 0
0.0294532 0.0364856 0
0.0294522 0.036486 0
0.0294511 0.0364864 0
0.02945 0.0364868 0
0.029449 0.0364872 0
0.0294479 0.0364876 0
0.0294468 0.036488 0
0.0294458 0.0364884 0
0.0294447 0.0364888 0
0.0294436 0.0364892 0
0.0294425 0.0364896 0
0.0294415 0.03649 0
0.0294404 0.0364903 0
0.0294393 0.0364907 0
0.0294382 0.0364911 0
0.0294371 0.0364915 0
0.029436 0.0364918 0
0.0294349 0.0364922 0
0.0294338 0.0364926 0
0.0294327 0.0364929 0
0.0294316 0.0364933 0
0.0294305 0.0364936 0
0.0294294 0.036494 0
0.0294283 0.0364943 0
0.0294272 0.0364947 0
0.0294261 0.036495 0
0.029425 0.0364954 0
0.0294239 0.0364957 0
0.0294228 0.036496 0
0.0294216 0.0364964 0
0.0294205 0.0364967 0
0.0294194 0.036497 0
0.0294183 0.0364973 0
0.0294171 0.0364976 0
0.029416 0.036498 0
0.0294149 0.0364983 0
0.0294138 0.0364986 0
0.0294126 0.0364989 0
0.0294115 0.0364992 0
0.0294103 0.0364995 0
0.0294092 0.0364998 0
0.0294081 0.0365001 0
0.0294069 0.0365003 0
0.0294058 0.0365006 0
0.0294046 0.0365009 0
0.0294035 0.0365012 0
0.0294023 0.0365015 0
0.0294011 0.0365017 0
0.0294 0.036502 0
0.0293988 0.0365022 0
0.0293977 0.0365025 0
0.0293965 0.0365028 0
0.0293953 0.036503 0
0.0293941 0.0365033 0
0.029393 0.0365035 0
0.0293918 0.0365037 0
0.0293906 0.036504 0
0.0293894 0.0365042 0
0.0293883 0.0365044 0
0.0293871 0.0365046 0
0.0293859 0.0365049 0
0.0293847 0.0365051 0
0.0293835 0.0365053 0
0.0293823 0.0365055 0
0.0293811 0.0365057 0
0.0293799 0.0365059 0
0.0293787 0.0365061 0
0.0293775 0.0365063 0
0.0293763 0.0365065 0
0.0293751 0.0365066 0
0.0293739 0.0365068 0
0.0293727 0.036507 0
0.0293715 0.0365072 0
0.0293703 0.0365073 0
0.0293691 0.0365075 0
0.0293678 0.0365076 0
0.0293666 0.0365078 0
0.0293654 0.0365079 0
0.0293642 0.0365081 0
0.0293629 0.0365082 0
0.0293617 0.0365083 0
0.0293605 0.0365085 0
0.0293592 0.0365086 0
0.029358 0.0365087 0
0.0293568 0.0365088 0
0.0293555 0.0365089 0
0.0293543 0.036509 0
0.029353 0.0365091 0
0.0293518 0.0365092 0
0.0293505 0.0365093 0
0.0293493 0.0365094 0
0.029348 0.0365095 0
0.0293468 0.0365096 0
0.0293455 0.0365096 0
0.0293443 0.0365097 0
0.029343 0.0365098 0
0.0293417 0.0365098 0
0.0293405 0.0365099 0
0.0293392 0.0365099 0
0.0293379 0.0365099 0
0.0293366 0.03651 0
0.0293354 0.03651 0
0.0293341 0.03651 0
0.0293328 0.0365101 0
0.0293315 0.0365101 0
0.0293302 0.0365101 0
0.029329 0.0365101 0
0.0293277 0.0365101 0
0.0293264 0.0365101 0
0.0293251 0.0365101 0
0.0293238 0.0365101 0
0.0293225 0.03651 0
0.0293212 0.03651 0
0.0293199 0.03651 0
0.0293186 0.0365099 0
0.0293173 0.0365099 0
0.029316 0.0365098 0
0.0293147 0.0365098 0
0.0293133 0.0365097 0
0.029312 0.0365097 0
0.0293107 0.0365096 0
0.0293094 0.0365095 0
0.0293081 0.0365094 0
0.0293067 0.0365093 0
0.0293054 0.0365092 0
0.0293041 0.0365091 0
0.0293028 0.036509 0
0.0293014 0.0365089 0
0.0293001 0.0365088 0
0.0292988 0.0365087 0
0.0292974 0.0365085 0
0.0292961 0.0365084 0
0.0292947 0.0365083 0
0.0292934 0.0365081 0
0.029292 0.036508 0
0.0292907 0.0365078 0
0.0292893 0.0365076 0
0.029288 0.0365075 0
0.0292866 0.0365073 0
0.0292853 0.0365071 0
0.0292839 0.0365069 0
0.0292825 0.0365067 0
0.0292812 0.0365065 0
0.0292798 0.0365063 0
0.0292784 0.0365061 0
0.0292771 0.0365059 0
0.0292757 0.0365057 0
0.0292743 0.0365054 0
0.0292729 0.0365052 0
0.0292716 0.0365049 0
0.0292702 0.0365047 0
0.0292688 0.0365044 0
0.0292674 0.0365042 0
0.029266 0.0365039 0
0.0292646 0.0365036 0
0.0292632 0.0365033 0
0.0292619 0.036503 0
0.0292605 0.0365027 0
0.0292591 0.0365024 0
0.0292577 0.0365021 0
0.0292563 0.0365018 0
0.0292549 0.0365015 0
0.0292534 0.0365011 0
0.029252 0.0365008 0
0.0292506 0.0365005 0
0.0292492 0.0365001 0
0.0292478 0.0364998 0
0.0292464 0.0364994 0
0.029245 0.036499 0
0.0292435 0.0364986 0
0.0292421 0.0364983 0
0.0292407 0.0364979 0
0.0292393 0.0364975 0
0.0292378 0.0364971 0
0.0292364 0.0364967 0
0.029235 0.0364962 0
0.0292335 0.0364958 0
0.0292321 0.0364954 0
0.0292307 0.036495 0
0.0292292 0.0364945 0
0.0292278 0.0364941 0
0.0292263 0.0364936 0
0.0292249 0.0364931 0
0.0292235 0.0364927 0
0.029222 0.0364922 0
0.0292206 0.0364917 0
0.0292191 0.0364912 0
0.0292176 0.0364907 0
0.0292162 0.0364902 0
0.0292147 0.0364897 0
0.0292133 0.0364891 0
0.0292118 0.0364886 0
0.0292103 0.0364881 0
0.0292089 0.0364875 0
0.0292074 0.036487 0
0.0292059 0.0364864 0
0.0292045 0.0364859 0
0.029203 0.0364853 0
0.0292015 0.0364847 0
0.0292 0.0364841 0
0.0291986 0.0364835 0
0.0291971 0.0364829 0
0.0291956 0.0364823 0
0.0291941 0.0364817 0
0.0291926 0.0364811 0
0.0291911 0.0364804 0
0.0291896 0.0364798 0
0.0291881 0.0364792 0
0.0291867 0.0364785 0
0.0291852 0.0364779 0
0.0291837 0.0364772 0
0.0291822 0.0364765 0
0.0291807 0.0364758 0
0.0291792 0.0364751 0
0.0291777 0.0364744 0
0.0291762 0.0364737 0
0.0291746 0.036473 0
0.0291731 0.0364723 0
0.0291716 0.0364716 0
0.0291701 0.0364709 0
0.0291686 0.0364701 0
0.0291671 0.0364694 0
0.0291656 0.0364686 0
0.0291641 0.0364678 0
0.0291625 0.0364671 0
0.029161 0.0364663 0
0.0291595 0.0364655 0
0.029158 0.0364647 0
0.0291564 0.0364639 0
0.0291549 0.0364631 0
0.0291534 0.0364623 0
0.0291519 0.0364615 0
