24.5556 26
30.7778 34.3333
38.5556 37.6667
46.6667 48.6667
54.6667 54.3333
61.4444 60.3333
66.5556 65
66.3333 64
66.1111 64
65 65.3333
68 68.3333
69.5556 68
70.6667 69.6667
71.5556 68.6667
74.1111 72
76.1111 70.3333
76.7778 73.3333
77.5556 73.6667
79.8889 76
81 75
82.3333 78.3333
83.3333 77.3333
84 79.3333
85.2222 78.6667
86.3333 79.6667
86 79.6667
87.3333 80.3333
87.5556 80.3333
88.5556 80.6667
88.4444 80.3333
89.6667 81
89.6667 80.6667
90.5556 82
90.3333 81.6667
90.7778 81.6667
90.4444 82
90.8889 82
91.4444 82.3333
91.4444 82.6667
91.7778 82.6667
92.1111 82.6667
92.4444 82.3333
92.5556 82.3333
92.5556 82.3333
92.6667 82.3333
92.8889 82.6667
93 82.6667
93 82.6667
93.1111 82.6667
93.3333 83
93.4444 83
93.4444 83
93.5556 83
93.7778 83
93.8889 83
94.1111 82.6667
94.2222 82.6667
94.2222 82.6667
94.2222 82.6667
94.3333 82.6667
94.4444 82.6667
94.4444 82.3333
94.7778 82.3333
95 82.6667
95.3333 82.6667
95.5556 82.6667
95.6667 82.6667
95.7778 82.6667
96 82.6667
96 82.6667
96 82.6667
96 82.6667
96 82.6667
96.1111 82.6667
96.2222 83
96.3333 83
96.3333 83
96.4444 83
96.5556 83
96.6667 83
96.6667 83
96.7778 83
97 83
97 83.3333
97.1111 83.3333
97.1111 83.3333
97.2222 83.3333
97.3333 83.3333
97.3333 83.6667
97.5556 83.6667
97.5556 83.6667
97.5556 83.6667
97.5556 83.6667
97.5556 83.6667
97.5556 83.6667
97.6667 83.6667
97.7778 83.6667
97.7778 83.6667
97.7778 83.3333
97.7778 83.6667
97.7778 84
97.7778 84
97.7778 84
97.7778 84
97.8889 83.6667
97.8889 83.6667
97.8889 83.6667
97.8889 83.6667
98 83.6667
98.1111 83.6667
98.2222 83.3333
98.2222 83.3333
98.3333 83.3333
98.4444 83.3333
98.4444 83.3333
98.5556 83.3333
98.5556 83.3333
98.5556 83.3333
98.6667 83
98.6667 83
98.6667 83
98.6667 83
98.6667 83
98.6667 83
98.6667 83
98.6667 83
98.6667 83
98.6667 83
98.6667 83
98.6667 82.6667
98.6667 82.6667
98.7778 82.6667
98.7778 82.6667
98.7778 82.6667
98.7778 82.6667
98.7778 82.6667
98.8889 83
98.8889 83
99 83
99 83
99 83
99 83
99 83
99 83
99 83
99 83
99.1111 83
99.2222 83
99.2222 83
99.2222 82.3333
99.2222 82.3333
99.2222 82.3333
99.2222 82.3333
99.2222 82.3333
99.2222 82.3333
99.2222 82.3333
99.2222 82.3333
99.2222 82.3333
99.3333 82.3333
99.3333 82.6667
99.3333 82.6667
99.3333 82.6667
99.3333 82.6667
99.3333 82.6667
99.3333 82.6667
99.3333 82.6667
99.3333 82.6667
99.3333 82.6667
99.3333 82.6667
99.3333 82.6667
99.3333 82.6667
99.3333 82.6667
99.3333 82.6667
99.3333 82.3333
99.3333 82.3333
99.3333 82.3333
99.3333 82.3333
99.3333 82.3333
99.3333 82.6667
99.3333 82.6667
99.3333 82.6667
99.3333 82.6667
99.3333 82.6667
99.3333 82.6667
99.3333 82.6667
99.3333 82.6667
99.3333 82.6667
99.3333 82.6667
99.3333 82.6667
99.3333 82.6667
99.3333 82.6667
99.3333 82.6667
99.4444 82.6667
99.4444 82.6667
99.4444 82.6667
99.4444 82.6667
99.4444 82.6667
99.4444 82.6667
99.4444 82.6667
99.4444 83
99.4444 83
99.5556 83
99.5556 83
99.5556 83
99.6667 83
99.6667 83
99.6667 83
99.6667 83
99.6667 83
99.6667 83
99.6667 83
99.6667 83
99.6667 83
99.6667 83
99.6667 83
99.6667 83
99.6667 83
99.6667 83.3333
99.6667 83.3333
99.6667 83.3333
99.6667 83.3333
99.6667 83.3333
99.6667 83.3333
99.6667 83.3333
99.6667 83.3333
99.6667 83.3333
99.6667 83.3333
99.6667 83.3333
99.6667 83.3333
99.6667 83.3333
99.6667 83.3333
99.6667 83.3333
99.6667 83.3333
99.6667 83.3333
99.6667 83.3333
99.6667 83.3333
99.7778 83.3333
99.7778 83.3333
99.7778 83.3333
99.7778 83.3333
99.7778 83.6667
99.7778 83.6667
99.7778 83.6667
99.7778 83.6667
99.7778 83.6667
99.7778 83.6667
99.7778 83.6667
99.7778 83.6667
99.7778 83.6667
99.7778 83.6667
99.7778 83.6667
99.7778 83.6667
99.7778 83.6667
99.7778 83.6667
99.7778 83.6667
99.7778 83.6667
99.7778 83.6667
99.7778 83.6667
99.7778 83.6667
99.7778 83.6667
99.7778 84
99.7778 84
99.7778 84
99.7778 84
99.7778 84.3333
99.7778 84.3333
99.7778 84.3333
99.7778 84.3333
99.7778 84.3333
99.7778 84.3333
99.7778 84.3333
99.7778 84.3333
99.7778 84.3333
99.7778 84.3333
99.7778 84.3333
99.7778 84.3333
99.7778 84.3333
99.7778 84.3333
99.7778 84.3333
99.7778 84.3333
99.7778 84.3333
99.7778 84.3333
99.7778 84.3333
99.7778 84.3333
99.7778 84.3333
99.7778 84.3333
99.7778 84.3333
99.7778 84.3333
99.7778 84.3333
99.7778 84.3333
99.7778 84.3333
99.7778 84.3333
99.8889 84.3333
99.8889 84.3333
99.8889 84.3333
99.8889 84.3333
99.8889 84.3333
99.8889 84.3333
99.8889 84.3333
99.8889 84.3333
99.8889 84.3333
99.8889 84.3333
99.8889 84.3333
99.8889 84.3333
99.8889 84.3333
99.8889 84.3333
99.8889 84.3333
99.8889 84.3333
99.8889 84.3333
99.8889 84.3333
99.8889 84.3333
99.8889 84.3333
99.8889 84.3333
99.8889 84.3333
99.8889 84.3333
99.8889 84.3333
99.8889 84.3333
99.8889 84.3333
99.8889 84.3333
99.8889 84.3333
99.8889 84.3333
99.8889 84.3333
99.8889 84.3333
99.8889 84.3333
99.8889 84.3333
99.8889 84.3333
99.8889 84.3333
99.8889 84.3333
99.8889 84.3333
99.8889 84
99.8889 84
99.8889 84
99.8889 84
99.8889 84
99.8889 84
99.8889 84
99.8889 84
100 84
100 84
100 84
100 84
100 84
100 84
100 84
100 84
100 84
100 84
100 84
100 84
100 84
100 84
100 84
100 84
100 84
100 84
100 84
100 84
100 84
100 84
100 84
100 84
100 84
100 84
100 84
100 84
100 84
100 84
100 84
100 84
100 84
100 84
100 84
100 84
100 84
100 84
100 84
100 84
100 84
100 84
100 84
100 84
100 84
100 84
100 84
100 84
100 84
100 84
100 84
100 84
100 84
100 84
100 84
100 84
100 84
100 84
100 84
100 84
100 84
100 84
100 84
100 84
100 84
100 84
100 84
100 84
100 84
100 84
100 84
100 84
100 84
100 84
100 84
100 84
100 84
100 84
100 84
100 84
100 84
100 84
100 84
100 84
100 84
100 84
100 84
100 84
100 84
100 84
100 84
100 84
100 84
100 84
100 84
100 84
100 84
100 84
100 84
100 84
100 84
100 84
100 84
100 84
100 84
100 84
100 84
100 84
100 84
100 84
100 84
100 84
100 84
100 84
100 83.6667
100 83.6667
100 83.6667
100 83.6667
100 83.6667
100 83.6667
100 83.6667
100 83.6667
100 83.6667
100 83.6667
100 83.6667
100 83.6667
100 83.6667
100 83.6667
100 83.6667
100 83.6667
100 83.6667
100 83.6667
100 83.3333
100 83.3333
100 83.3333
100 83.3333
100 83.3333
100 83.3333
100 83.3333
100 83.3333
100 83.3333
100 83.3333
100 83.3333
100 83.3333
100 83.3333
100 83.3333
100 83.3333
100 83.3333
100 83.3333
100 83.3333
100 83.3333
100 83.3333
100 83.3333
100 83.3333
100 83.3333
100 83.3333
100 83.3333
100 83.3333
100 83.3333
100 83.3333
100 83.3333
100 83.3333
100 83.3333
100 83.3333
100 83.3333
100 83.3333
100 83.3333
100 83.3333
100 83.3333
100 83.3333
100 83.3333
100 83.3333
100 83.3333
100 83.3333
100 83.3333
100 83.3333
100 83.3333
100 83.3333
100 83.3333
100 83.3333
100 83.3333
100 83.3333
100 83.3333
100 83.3333
100 83.3333
100 83.3333
100 83.3333
100 83.3333
100 83.3333
100 83.3333
100 83.3333
100 83.3333
100 83.3333
100 83.3333
100 83.3333
100 83.3333
100 83.3333
100 83.3333
100 83.3333
100 83.3333
100 83.3333
100 83.3333
100 83.3333
100 83.3333
100 83.3333
100 83.3333
100 83.3333
100 83.3333
100 83.3333
100 83.3333
100 83.3333
100 83.3333
100 83.3333
100 83.3333
100 83.3333
100 83.3333
100 83.3333
100 83.3333
100 83.3333
100 83.3333
100 83.3333
100 83.3333
100 83.3333
100 83.3333
100 83.3333
100 83.3333
100 83.3333
100 83.3333
100 83.3333
100 83.3333
100 83.3333
100 83.3333
100 83.3333
100 83.3333
100 83.3333
100 83.3333
100 83.3333
100 83.3333
100 83.3333
100 83.3333
100 83.3333
100 83.3333
100 83.3333
100 83.3333
100 83.3333
100 83.3333
100 83.3333
100 83.3333
100 83.3333
100 83.3333
100 83.3333
100 83.3333
100 83.3333
100 83.3333
100 83.3333
100 83.3333
100 83.3333
100 83.3333
100 83.3333
100 83.3333
100 83.3333
100 83.3333
100 83.3333
100 83.3333
100 83.3333
100 83.3333
100 83.3333
100 83.3333
100 83.3333
100 83.3333
100 83.3333
100 83.3333
100 83.3333
100 83.3333
100 83.3333
100 83.3333
100 83.3333
100 83.3333
100 83.3333
100 83.3333
100 83.3333
100 83.3333
100 83.3333
100 83.3333
100 83.3333
100 83.3333
100 83.3333
100 83.3333
100 83.3333
100 83.3333
100 83.3333
100 83.3333
100 83.3333
100 83.3333
100 83.3333
100 83.3333
100 83.3333
100 83.3333
100 83.3333
100 83.3333
100 83.3333
100 83.3333
100 83.3333
100 83.3333
100 83.3333
100 83.3333
100 83.3333
100 83.3333
100 83.3333
100 83.3333
100 83.3333
100 83.3333
100 83.3333
100 83.3333
100 83.3333
100 83.3333
100 83.3333
100 83.3333
100 83.3333
100 83.3333
100 83.3333
100 83.3333
100 83.3333
100 83.3333
100 83.3333
100 83.3333
100 83.3333
100 83.3333
100 83.3333
100 83.3333
100 83.3333
100 83.3333
100 83.3333
100 83.3333
100 83.3333
100 83.3333
100 83.3333
100 83.3333
100 83.3333
100 83.3333
100 83.3333
100 83.3333
100 83.3333
100 83.3333
100 83.3333
100 83.3333
100 83.3333
100 83.3333
100 83.3333
100 83.3333
100 83.3333
100 83.3333
100 83.3333
100 83.3333
100 83.3333
100 83.3333
100 83.3333
100 83.3333
100 83.3333
100 83.3333
100 83.3333
100 83.3333
100 83.3333
100 83.3333
100 83.3333
100 83.3333
100 83.3333
100 83.3333
100 83.3333
100 83.3333
100 83.3333
100 83.3333
100 83.3333
100 83.3333
100 83.3333
100 83.3333
100 83.3333
100 83.3333
100 83.3333
100 83.3333
100 83.3333
100 83.3333
100 83.3333
100 83.3333
100 83.3333
100 83.3333
100 83.3333
100 83.3333
100 83.3333
100 83.3333
100 83.3333
100 83.3333
100 83.3333
100 83.3333
100 83.3333
100 83.3333
100 83.3333
100 83.3333
100 83.3333
100 83.3333
100 83.3333
100 83.3333
100 83.3333
100 83.3333
100 83.3333
100 83.3333
100 83.3333
100 83.3333
100 83.3333
100 83.3333
100 83.3333
100 83.3333
100 83.3333
100 83.3333
100 83.3333
100 83.3333
100 83.3333
100 83.3333
100 83.3333
100 83.3333
100 83.3333
100 83.3333
100 83.3333
100 83.3333
100 83.3333
100 83.3333
100 83.3333
100 83.3333
100 83.3333
100 83.3333
100 83.3333
100 83.3333
100 83.3333
100 83.3333
100 83.3333
100 83.3333
100 83.3333
100 83.3333
100 83.3333
100 83.3333
100 83.3333
100 83.3333
100 83.3333
100 83.3333
100 83.3333
100 83.3333
100 83.3333
100 83.3333
100 83.3333
100 83.3333
100 83.3333
100 83.3333
100 83.3333
100 83.3333
100 83.3333
100 83.3333
100 83.3333
100 83.3333
100 83.3333
100 83.3333
100 83.3333
100 83.3333
100 83.3333
100 83.3333
100 83.3333
100 83.3333
100 83.3333
100 83.3333
100 83.3333
100 83.3333
100 83.3333
100 83.3333
100 83.3333
100 83.3333
100 83.3333
100 83.3333
100 83.3333
100 83.3333
100 83.3333
100 83.3333
100 83.3333
100 83.3333
100 83.3333
100 83.3333
100 83.3333
100 83.3333
100 83.3333
100 83.3333
100 83.3333
100 83.3333
100 83.3333
100 83.3333
100 83.3333
100 83.3333
100 83.6667
100 83.6667
100 83.6667
100 83.6667
100 83.6667
100 83.6667
100 83.6667
100 83.6667
100 83.6667
100 83.6667
100 83.6667
100 83.6667
100 83.6667
100 83.6667
100 83.6667
100 83.6667
100 83.6667
100 83.6667
100 83.6667
100 83.6667
100 83.6667
100 83.6667
100 83.6667
100 83.6667
100 83.6667
100 83.6667
100 83.6667
100 83.6667
100 83.6667
100 83.6667
100 83.6667
100 83.6667
100 83.6667
100 83.6667
100 83.6667
100 83.3333
100 83.3333
100 83.3333
100 83.3333
100 83.3333
100 83.3333
100 83.3333
100 83.3333
100 83.3333
100 83.3333
100 83.3333
100 83.3333
100 83.3333
100 83.3333
100 83.3333
100 83.3333
100 83.3333
100 83.3333
100 83.3333
100 83.3333
100 83.3333
100 83.3333
100 83.3333
100 83.3333
100 83.3333
100 83.3333
100 83.3333
100 83.3333
100 83.3333
100 83.3333
100 83.3333
100 83.3333
100 83.3333
100 83.3333
100 83.3333
100 83.3333
100 83.3333
100 83.3333
100 83.3333
100 83.3333
100 83.3333
100 83.3333
100 83.3333
100 83.3333
100 83.3333
100 83.3333
100 83.3333
100 83.3333
100 83.3333
100 83.3333
100 83.3333
100 83.6667
100 83.6667
100 83.6667
100 83.6667
100 83.6667
100 83.6667
100 83.6667
100 83.6667
100 83.6667
100 83.6667
100 83.6667
100 83.6667
100 83.6667
100 83.6667
100 83.6667
100 83.6667
100 83.6667
100 83.6667
100 83.6667
100 83.6667
100 83.6667
100 83.6667
100 83.6667
100 83.6667
100 84
100 84
100 84
100 84
100 84
100 84
100 84
100 84
100 84
100 84
100 84
100 84
100 84
100 84
100 84
100 84
100 84
100 84
100 84
100 84
100 84
100 84
100 84
100 84
100 84
100 84
100 84
100 84
100 84
100 84
100 84
100 84
100 84
100 84
100 84
100 84
100 84
100 84
100 84
100 84
100 84
100 84
100 84
100 84
100 84
100 84
100 84
100 84
100 84
100 84
100 84
100 84
100 84
100 84
100 84
100 84
100 84
100 84
100 84
